X
25.240349 121.626177
25.239935 121.62522
25.239321 121.623943
25.238469 121.621852
25.237703 121.620327
25.236873 121.618943
25.234731 121.615608
25.232718 121.612237
25.230292 121.607698
25.229204 121.606101
25.227765 121.603971
25.225943 121.601239
25.223608 121.597761
25.220089 121.592934
25.213976 121.584806
25.213239 121.58413
25.212599 121.583243
25.21161 121.581081
25.210494 121.578565
25.208933 121.574561
25.207721 121.571726
25.206955 121.570061
25.206287 121.568077
25.20565 121.566377
25.204949 121.564818
25.204181 121.563541
25.203062 121.561909
25.202261 121.56088
25.201269 121.559602
25.198545 121.556584
25.197456 121.555306
25.196399 121.554028
25.195471 121.552681
25.195088 121.551901
25.194672 121.551404
25.193809 121.54988
25.192979 121.548179
25.191956 121.546158
25.190485 121.543747
25.189718 121.542577
25.188694 121.540946
25.187605 121.539527
25.186613 121.538073
25.185621 121.536654
25.184724 121.535554
25.183955 121.534738
25.183058 121.533638
25.181905 121.532112
25.180977 121.530659
25.180243 121.529241
25.176662 121.522862
25.174263 121.518715
25.172223 121.51546
25.17083 121.513259
25.164745 121.506449
25.158811 121.498715
25.154208 121.492635
25.149512 121.487246
25.144661 121.481756
25.144332 121.48128
25.143285 121.480016
25.142476 121.479016
25.140156 121.47609
25.139395 121.475195
25.138157 121.474243
25.134869 121.471869
25.130153 121.467495
25.128533 121.466072
25.125436 121.463489
25.123434 121.462064
25.121765 121.460904
25.119477 121.459268
25.117809 121.45816
25.115807 121.456579
25.113281 121.454575
25.107706 121.44999
25.104562 121.446778
25.103038 121.445408
25.101227 121.443985
25.098366 121.442034
25.092931 121.438342
25.086589 121.434122
25.083775 121.432696
25.081724 121.43164
25.078622 121.430265
25.077143 121.429735
25.076045 121.429312
25.074804 121.428835
25.073612 121.428359
25.070271 121.427141
25.066834 121.42608
25.064352 121.425285
25.060868 121.424276
25.055809 121.422528
25.049414 121.419884
25.04598 121.418089
25.044883 121.417351
25.043786 121.416823
25.042962 121.416293
25.040971 121.41524
25.039301 121.414448
25.037632 121.413603
25.036248 121.41297
25.034483 121.412072
25.032336 121.410964
25.029043 121.409642
25.025367 121.408634
25.023028 121.408101
25.020353 121.407778
25.018491 121.407615
25.01744 121.407611
25.015051 121.407551
25.007692 121.408103
X
24.908279 121.226767
24.908674 121.215175
24.909483 121.173984
24.906865 121.15059
24.903928 121.134569
24.90142 121.122811
24.899413 121.113895
24.897907 121.1064
24.89597 121.09851
24.892944 121.08993
24.889504 121.081466
24.887135 121.070895
24.884909 121.062848
24.882609 121.056694
24.880596 121.050699
24.879447 121.044546
24.877108 121.03694
24.875222 121.031973
X
24.803158 121.014079
24.803278 121.012575
24.803457 121.008191
24.803577 120.999816
24.803549 120.996512
24.802774 120.989014
24.802298 120.987488
24.802 120.985762
24.801404 120.983772
24.799736 120.979194
24.799141 120.977867
24.797354 120.97508
24.796401 120.972493
24.795805 120.971232
24.795328 120.96964
24.794733 120.968379
24.794017 120.964664
24.793778 120.961877
24.793778 120.96002
24.794609 120.95292
24.795919 120.950531
24.796513 120.948142
24.796155 120.945156
24.795678 120.94363
24.794962 120.940313
24.79377 120.936399
24.793054 120.932883
24.792695 120.930693
24.791384 120.92731
24.791145 120.925851
24.789773 120.92207
24.789118 120.921208
24.788343 120.919682
24.787746 120.917692
24.787031 120.916034
X
24.779759 121.164124
24.780199 121.163524
24.780914 121.162383
24.781574 121.161061
24.7824 121.15962
24.783722 121.156676
24.785429 121.153072
24.786201 121.150848
24.786642 121.149947
24.787302 121.148566
24.788295 121.145681
24.789341 121.143518
24.789783 121.142197
24.790224 121.140875
24.79061 121.139673
24.791714 121.136428
24.79254 121.134445
24.793148 121.132101
24.793426 121.130418
24.793759 121.128494
24.793928 121.12633
24.794099 121.123444
24.793998 121.119536
24.793999 121.119176
24.79362 121.117492
24.793625 121.115027
24.793963 121.110818
24.794301 121.10655
24.794141 121.104686
24.794362 121.103364
24.794204 121.100718
24.794207 121.099275
24.794652 121.095849
24.79471 121.094586
24.795095 121.093444
24.794995 121.089175
24.794616 121.08701
24.794291 121.084786
24.794184 121.083703
24.793806 121.080817
24.793537 121.078652
24.793428 121.078171
24.793379 121.075466
24.793493 121.073001
24.793389 121.070175
24.792792 121.067168
24.792466 121.065785
24.792032 121.063199
24.791624 121.05951
24.790121 121.048014
24.789405 121.04613
24.788832 121.044429
24.78845 121.043617
24.787997 121.04278
24.786612 121.040791
24.786039 121.039927
24.785633 121.039325
24.785346 121.038959
24.784988 121.03854
24.784701 121.037938
24.78451 121.037598
24.784224 121.037231
24.783773 121.036653
24.783608 121.03637
24.782607 121.034656
24.779681 121.029846
24.778022 121.027494
24.777531 121.026648
24.776656 121.025142
24.774997 121.022011
24.774901 121.021829
24.769766 121.010403
24.766186 121.004426
24.791624 121.05951
24.791494 121.058329
24.791098 121.05453
24.790765 121.052411
24.790598 121.051207
24.790479 121.049898
24.790312 121.048799
24.790193 121.048354
24.790145 121.04804
24.766186 121.004426
24.765534 121.003339
24.762705 120.998423
24.759875 120.995217
24.759192 120.993614
24.755581 120.98763
24.753336 120.983569
24.750603 120.979937
24.748456 120.977479
24.746407 120.975022
24.74426 120.973206
24.741331 120.969467
24.738569 120.964894
24.735037 120.959382
24.734542 120.959237
24.732552 120.956538
24.730515 120.953348
24.728339 120.949271
24.728064 120.948238
24.726568 120.94529
24.725709 120.944261
24.721689 120.93686
24.719404 120.932657
24.718651 120.93127
24.716299 120.928263
24.714308 120.925388
24.715086 120.926511
24.714308 120.925388
24.712553 120.922506
24.712084 120.921784
24.711105 120.920807
24.705804 120.914196
X
24.531697 120.916599
24.535382 120.918298
24.539689 120.92011
24.542388 120.921356
24.54497 120.922475
24.546156 120.92327
24.548133 120.92442
24.550847 120.925889
24.55351 120.927252
24.555091 120.928136
24.557542 120.929742
24.56024 120.931216
24.563302 120.933143
24.567503 120.935476
24.569997 120.937451
24.572332 120.939378
24.575394 120.94159
24.577159 120.942894
24.578487 120.943775
24.58048 120.945445
24.582596 120.946866
24.584335 120.947752
24.586033 120.948904
24.587694 120.949868
24.590496 120.951853
24.593402 120.953441
24.59461 120.954471
24.597138 120.956276
24.601089 120.959153
24.603833 120.960757
24.606323 120.962799
24.608555 120.963934
24.610838 120.965181
24.614289 120.967556
24.616649 120.968926
24.619348 120.970968
X
24.404704 120.827057
24.403962 120.826614
24.402939 120.825986
24.402268 120.825463
24.401563 120.824695
24.400794 120.823822
24.399876 120.822413
24.399652 120.821434
24.399556 120.820525
24.399713 120.819476
24.399872 120.818602
24.399902 120.817693
24.399647 120.817239
24.398602 120.81593
24.397783 120.814904
24.396495 120.813291
24.395996 120.812665
24.395742 120.812439
24.395196 120.811966
24.394909 120.811686
24.394551 120.811126
24.394416 120.810863
24.394405 120.81087
24.394813 120.810462
24.395292 120.809685
24.395629 120.80885
24.396144 120.808247
24.396854 120.807877
24.397831 120.80741
24.398382 120.807118
24.399146 120.806476
24.400212 120.806048
24.401188 120.80527
24.402431 120.804084
24.403922 120.802431
24.404295 120.801849
24.404755 120.80078
24.404861 120.800334
24.404932 120.799945
24.405109 120.799479
24.405162 120.798916
24.40509 120.798373
24.405054 120.797887
24.405178 120.797518
24.405479 120.796916
24.405538 120.796325
24.405538 120.79611
24.405488 120.795854
24.405451 120.795679
24.405475 120.795396
24.405583 120.794625
24.405511 120.794082
24.405545 120.7935
24.405633 120.792665
24.405668 120.792238
24.405597 120.791888
24.405421 120.79047
24.405049 120.788903
24.404862 120.787741
24.404629 120.786477
24.405275 120.784959
24.406192 120.784174
24.411924 120.772509
24.412389 120.770849
24.41273 120.769294
24.412998 120.76782
24.413021 120.767284
24.412947 120.766802
24.412775 120.766427
24.412406 120.765972
24.411939 120.765625
24.411546 120.76509
24.41098 120.764153
24.410218 120.763136
24.409506 120.762468
24.408326 120.761452
24.406681 120.760303
24.40246 120.756992
24.367877 120.735751
24.366363 120.73519
24.36306 120.734474
24.358633 120.733491
24.358633 120.733554
24.322014 120.728882
24.31445 120.728682
24.311522 120.728386
24.309424 120.727786
24.306376 120.727577
24.305862 120.727492
24.303369 120.727411
24.301786 120.727544
24.29688 120.727381
24.293985 120.727083
24.290994 120.726782
24.289073 120.726659
24.285484 120.726818
24.275423 120.727312
24.260504 120.727155
24.251186 120.726695
24.248085 120.725914
24.240526 120.724012
24.238072 120.723218
24.233381 120.721587
24.226559 120.7197
24.222516 120.718291
24.220476 120.717466
24.219492 120.717053
24.217525 120.716712
24.214575 120.716165
24.212894 120.715996
24.211499 120.716137
24.208677 120.716282
24.205648 120.716254
24.203587 120.716466
24.202224 120.716469
24.200939 120.716299
24.198972 120.715992
24.196434 120.715479
24.195292 120.715344
24.190931 120.714973
24.186705 120.715293
24.185278 120.715435
X
24.374488 120.64582
24.372002 120.643166
24.370345 120.641343
24.368602 120.63945
24.367837 120.638642
24.36705 120.637603
24.366306 120.636541
24.365514 120.63533
24.364456 120.634186
24.362352 120.631809
24.356871 120.62662
24.35443 120.624404
24.352011 120.622523
24.347715 120.619507
24.342588 120.615746
24.338868 120.612493
24.335832 120.60908
24.334349 120.607157
24.332652 120.605589
24.330027 120.603896
24.3216 120.600426
X
24.295157 120.588817
24.288881 120.584173
24.283599 120.57954
24.278383 120.575451
24.270546 120.570946
24.266593 120.568655
24.261364 120.566194
24.257125 120.564132
24.253314 120.561688
24.24993 120.559093
24.321625 120.600426
24.306662 120.594046
24.302868 120.592575
24.298795 120.590804
24.294995 120.588827
24.249484 120.55891
24.246508 120.55712
24.244124 120.555687
24.238719 120.551815
24.234762 120.549097
24.232357 120.547581
24.230921 120.546942
24.22805 120.545849
24.225772 120.545489
24.224674 120.545125
24.222394 120.544397
24.219693 120.543763
24.21775 120.542758
24.215471 120.542214
24.212516 120.541305
24.210068 120.540578
24.207113 120.539853
24.203906 120.539221
24.202301 120.538583
24.200444 120.53813
24.196815 120.537499
24.19445 120.536496
24.191328 120.536231
24.18846 120.535966
24.18559 120.535516
24.182974 120.535066
24.180951 120.535441
24.178673 120.535174
24.176079 120.535468
24.174076 120.535135
24.171757 120.534689
24.16779 120.534753
24.164332 120.534766
24.161464 120.53496
24.159018 120.534877
24.155728 120.534981
24.150667 120.534907
24.147378 120.535287
24.144004 120.535299
24.139029 120.535593
24.125957 120.536467
X
24.294474 120.594734
24.29991 120.598744
24.303448 120.602377
24.30741 120.604888
24.311804 120.607074
24.323891 120.613166
24.326466 120.615374
24.33066 120.61908
24.340588 120.627436
24.351701 120.637617
24.356341 120.642119
24.360463 120.645988
24.366497 120.651434
24.367898 120.653017
24.294332 120.594543
24.290461 120.590779
24.287434 120.587954
24.284262 120.585516
24.281796 120.583473
24.279545 120.581045
24.2761 120.577286
24.273072 120.574539
X
24.321334 120.733002
24.320419 120.731839
24.318319 120.72907
24.317171 120.727145
24.316546 120.725072
24.315804 120.722744
24.315142 120.721009
24.314518 120.719677
24.313214 120.717266
24.311812 120.714707
24.309613 120.711366
24.307784 120.709041
24.30595 120.706345
24.30404 120.70326
24.302542 120.700456
24.301191 120.697972
24.300037 120.695723
24.299564 120.694824
24.299208 120.693796
24.298852 120.692446
24.298345 120.689939
24.295224 120.677894
24.294263 120.674291
24.293617 120.671521
24.293343 120.670421
24.292901 120.669417
24.292162 120.668246
24.289168 120.66304
24.285953 120.65724
24.284148 120.654183
24.283399 120.652511
24.282297 120.650075
24.281502 120.647542
24.279205 120.639991
24.277617 120.636026
24.276189 120.632524
24.275046 120.629205
24.273542 120.624714
24.272036 120.619702
24.27107 120.61547
24.270343 120.611302
X
24.10256 120.537108
24.097674 120.536778
24.094155 120.536845
24.090741 120.536797
24.0878 120.536862
24.084175 120.536929
24.076978 120.536548
24.068153 120.536343
24.064791 120.535952
24.061587 120.536018
24.05833 120.536027
24.055126 120.536035
24.04893 120.536625
24.044834 120.537036
24.041528 120.537732
24.037801 120.538601
24.031977 120.540676
24.028725 120.542001
24.025737 120.543783
24.021023 120.548029
24.016101 120.55302
24.010497 120.558298
24.007354 120.56088
24.00463 120.563233
23.999548 120.567708
23.992786 120.5723
23.989275 120.57494
23.982459 120.579361
23.978527 120.581658
23.974804 120.583784
23.968404 120.586715
23.961951 120.589361
23.959169 120.590283
23.950562 120.592704
23.948333 120.5933
23.948333 120.5933
23.945511 120.593227
23.940312 120.593598
23.931777 120.595093
23.921384 120.596145
23.909697 120.596205
23.90464 120.596496
23.897443 120.596581
23.889107 120.596756
23.878417 120.596803
23.867579 120.596311
23.859383 120.596252
23.85339 120.595702
23.847693 120.596079
23.837232 120.59744
23.826851 120.599652
23.818888 120.601293
23.808933 120.603345
23.801967 120.604974
23.795067 120.606177
X
24.278936 120.921041
24.280074 120.92304
24.282499 120.926414
24.278703 120.920693
24.278349 120.91995
24.277223 120.917951
24.276351 120.915824
24.273765 120.908846
24.272307 120.905856
24.271171 120.903307
24.270244 120.901627
24.269334 120.899909
24.267877 120.896472
24.267053 120.893953
24.265448 120.889797
24.264053 120.887485
24.263142 120.885767
24.262293 120.884578
24.261686 120.883587
24.260594 120.882001
24.259017 120.880019
24.25832 120.878882
24.255351 120.874413
24.25392 120.873282
24.252161 120.871367
24.250347 120.869286
24.248462 120.868462
24.246886 120.867869
24.245218 120.866712
24.243065 120.865295
24.241367 120.863909
24.239696 120.862757
24.233587 120.860305
24.231363 120.859425
24.230328 120.859371
24.227397 120.858098
24.225451 120.856728
24.222571 120.854545
24.219284 120.851847
24.215899 120.848539
24.212657 120.845879
24.207966 120.843176
24.205462 120.841714
24.202976 120.840153
24.19843 120.837126
24.192811 120.834167
24.192914 120.834097
24.191807 120.832818
24.1895 120.829518
24.188347 120.827471
24.187496 120.825556
24.186645 120.823708
24.185855 120.821595
24.185247 120.82001
24.18449 120.818365
24.184396 120.818161
24.182851 120.815276
24.181491 120.812923
24.18002 120.81057
24.178882 120.808699
24.177413 120.806809
24.175956 120.805291
24.174137 120.803907
24.171953 120.802853
24.170286 120.802431
24.168438 120.802264
24.165528 120.802269
24.163286 120.802206
24.160498 120.802144
24.158862 120.802081
24.157589 120.801819
24.156497 120.801358
24.155466 120.800765
24.154374 120.79971
24.153342 120.798523
24.152371 120.797665
24.151461 120.797006
24.151404 120.796973
24.148329 120.796685
24.135317 120.79213
24.131744 120.790389
24.128492 120.789867
24.127637 120.789758
24.125146 120.789375
24.123876 120.78939
24.122057 120.789129
24.120687 120.789137
24.119255 120.789468
24.116991 120.789297
24.116633 120.789416
24.113843 120.790114
24.113089 120.79032
24.111393 120.791535
24.108906 120.793101
24.106607 120.794363
24.104497 120.795599
24.102989 120.796012
24.101499 120.796379
24.098831 120.796681
24.097388 120.796704
24.094654 120.796935
24.092797 120.797492
24.090695 120.797757
24.08881 120.798171
24.086264 120.798786
24.085237 120.799045
24.085171 120.799065
24.084134 120.799164
24.082852 120.799659
24.082032 120.799851
24.08076 120.800428
24.079685 120.80065
24.078959 120.800862
24.078856 120.800816
24.076602 120.800629
24.073612 120.800295
24.071641 120.800267
24.071141 120.79995
24.069471 120.799305
24.068368 120.799189
24.067293 120.799114
24.064822 120.798537
24.06253 120.798022
24.061804 120.798023
24.059748 120.797975
24.059163 120.797807
24.052525 120.797571
24.049658 120.797575
24.047056 120.798272
24.04385 120.797887
24.040682 120.797836
24.038041 120.797429
24.036702 120.797529
24.034722 120.797624
24.032987 120.797766
24.030998 120.797805
24.030979 120.797825
24.026208 120.798397
24.021371 120.798826
24.018939 120.799014
24.015818 120.798865
24.014394 120.798796
24.011281 120.797866
24.008837 120.796987
24.006299 120.795328
24.00414 120.794112
24.003237 120.793679
24.002547 120.793325
24.002106 120.793138
24.00155 120.792973
24.000572 120.79287
24.000515 120.79289
23.999614 120.792704
23.997697 120.792123
23.995875 120.791208
23.993996 120.790169
23.991656 120.788754
23.99047 120.78788
23.989417 120.78683
23.986372 120.78403
23.984164 120.782271
23.981359 120.780251
23.98106 120.779991
23.979449 120.779273
23.977479 120.778425
23.975212 120.778096
23.972917 120.777873
23.970247 120.777671
23.969127 120.777761
23.967445 120.777846
23.966374 120.777934
23.964858 120.778399
23.963519 120.778532
23.961491 120.778594
23.959224 120.779175
23.957607 120.77959
23.956301 120.77995
23.954511 120.779557
23.952711 120.778522
23.949594 120.776776
23.947023 120.775802
23.944486 120.775771
23.943001 120.776137
23.942995 120.776159
23.94043 120.777064
23.939689 120.777262
23.938342 120.777451
23.936508 120.777777
23.934285 120.777639
23.9328 120.777305
23.931465 120.777338
23.92993 120.777502
23.928482 120.777728
23.926652 120.778192
23.925351 120.778764
23.924324 120.779442
23.923736 120.779623
23.922813 120.779837
23.918955 120.780927
23.9181 120.781247
23.916716 120.781532
23.915974 120.781333
23.914958 120.781115
23.910848 120.780732
23.907679 120.780064
23.903908 120.779339
23.902135 120.779358
23.901238 120.779532
23.900348 120.780176
23.898981 120.781538
23.897631 120.782953
23.896066 120.784907
23.895061 120.785982
23.893963 120.787965
23.893432 120.788814
23.892674 120.789584
23.891481 120.790066
23.890027 120.790751
23.889729 120.790881
23.888774 120.791464
23.887343 120.792111
23.885911 120.792498
23.884181 120.79256
23.882451 120.792492
23.882287 120.792525
23.881616 120.79236
23.880578 120.792165
23.879556 120.792271
23.877957 120.792358
23.876704 120.792607
23.875186 120.793295
23.875009 120.79336
23.874004 120.793584
23.872953 120.793785
23.870858 120.794345
23.869522 120.794872
23.86852 120.79507
23.867214 120.795004
23.865301 120.795432
23.862204 120.796091
23.860383 120.796816
23.858743 120.796849
23.855615 120.79726
23.852943 120.797655
23.851971 120.797655
23.850878 120.797918
23.84936 120.797901
23.847902 120.798445
23.846931 120.799105
23.845779 120.80016
23.844929 120.80082
23.843715 120.801347
23.842957 120.802023
23.841076 120.803705
23.838195 120.807218
23.836376 120.809709
23.835103 120.811787
23.833799 120.813601
23.832556 120.815415
23.829916 120.817096
23.828216 120.818184
23.826242 120.818629
23.826182 120.818496
23.826182 120.818694
23.822537 120.818824
23.819197 120.818823
23.817556 120.818756
23.815005 120.81849
23.811603 120.818159
23.810509 120.81796
23.810509 120.818026
23.807592 120.816721
23.804796 120.815252
23.802243 120.813519
23.799507 120.811554
23.797805 120.810102
23.795128 120.806852
23.792997 120.803305
23.791293 120.800715
23.789559 120.798471
23.789529 120.798356
23.787551 120.795997
23.785909 120.794116
23.784359 120.793208
23.782292 120.792301
23.780074 120.791574
23.777796 120.791623
23.775002 120.79144
23.769596 120.791801
23.766043 120.791701
23.762975 120.791618
23.759999 120.791996
23.757448 120.792127
23.755019 120.792258
23.75347 120.79229
23.75013 120.79341
X
23.656539 120.575077
23.655046 120.575159
23.654112 120.57517
23.652829 120.57473
23.651983 120.574277
23.65124 120.57389
23.64353 120.569877
23.641023 120.568967
23.636152 120.567667
23.633935 120.567248
23.631234 120.56713
23.629199 120.567052
23.627554 120.56693
23.625441 120.566979
23.623522 120.566518
23.621995 120.566098
23.62031 120.565382
23.617409 120.56365
23.614396 120.562343
23.613722 120.562078
23.613066 120.561858
23.612042 120.561506
23.610977 120.561287
23.609871 120.561202
23.609097 120.561267
23.607938 120.561271
23.6072 120.561199
23.606506 120.561054
23.606051 120.560858
23.60539 120.560293
23.604912 120.559838
23.604216 120.55931
23.603273 120.558825
23.602084 120.558251
23.601429 120.557943
23.600363 120.557546
23.600158 120.557547
23.598684 120.557374
23.597332 120.557068
23.596562 120.556737
23.596512 120.556715
23.595939 120.556495
23.595 120.555825
23.593853 120.555202
23.593125 120.555344
23.591717 120.556018
23.589532 120.556347
23.587686 120.55666
23.586764 120.556885
23.586097 120.556846
23.585147 120.556613
23.58467 120.556324
23.584299 120.556114
23.584016 120.555767
23.583744 120.554822
23.58279 120.553517
23.581631 120.552964
23.578591 120.552313
23.575106 120.5519
23.570676 120.550405
23.564645 120.548837
23.556151 120.549087
23.544042 120.547918
23.531397 120.545511
23.531169 120.545467
23.529852 120.545247
23.528751 120.544917
23.528135 120.544662
23.526698 120.543901
23.526095 120.543678
23.525395 120.543342
23.517228 120.540369
X
23.554423 120.4174
23.554542 120.418643
23.55467 120.419864
23.554803 120.421067
23.554942 120.422258
23.555082 120.423442
23.555224 120.424623
23.555365 120.425807
23.555503 120.426998
23.555637 120.428201
23.555764 120.429422
23.555883 120.430665
23.555939 120.43172
23.556031 120.432866
23.556153 120.434087
23.5563 120.435372
23.556467 120.436705
23.556647 120.438073
23.556837 120.439463
23.557029 120.440861
23.557197 120.442089
23.557374 120.443302
23.557556 120.444507
23.557741 120.445709
23.557923 120.446914
23.5581 120.448128
23.558268 120.449356
23.558444 120.450539
23.558559 120.451714
23.558636 120.452894
23.558695 120.454091
23.558759 120.45532
23.558848 120.456593
23.559003 120.458016
23.559186 120.45947
23.559368 120.460925
23.559523 120.462348
23.558737 120.453686
23.559552 120.454597
23.56035 120.455508
23.56114 120.456419
23.56193 120.45733
23.562728 120.45824
23.563543 120.459151
23.564493 120.460201
23.565319 120.46124
23.566023 120.462267
23.566603 120.463282
23.56706 120.464286
23.567394 120.465278
23.567827 120.466675
23.56826 120.468072
23.568693 120.469468
23.569126 120.470865
23.569654 120.472173
23.570183 120.473441
23.570711 120.474696
23.571239 120.475964
23.571768 120.477272
23.572141 120.478443
23.572515 120.479644
23.572888 120.48086
23.573262 120.482076
23.573635 120.483278
23.574009 120.484448
23.574517 120.485708
23.575025 120.486967
23.575533 120.488227
23.576041 120.489487
23.576546 120.490726
23.577023 120.491951
23.577464 120.493156
23.57786 120.494337
23.578202 120.495489
23.578483 120.496608
23.57891 120.497817
23.579313 120.499013
23.579696 120.500198
23.580062 120.501375
23.580416 120.502544
23.58076 120.503709
23.581099 120.504871
23.581436 120.506031
23.581803 120.507368
23.58217 120.508705
23.582537 120.510042
23.582904 120.511379
23.583271 120.512716
23.583474 120.513374
23.583678 120.514031
23.583881 120.514689
23.58421 120.515894
23.584538 120.5171
23.584867 120.518305
23.585195 120.519511
23.585524 120.520717
23.585852 120.521922
23.586181 120.523128
23.586509 120.524333
23.586838 120.525539
23.587168 120.526713
23.587485 120.527874
23.587791 120.529026
23.58809 120.530173
23.588388 120.531318
23.588687 120.532464
23.588993 120.533617
23.58931 120.534778
23.58964 120.535952
23.589925 120.537093
23.590219 120.538243
23.590521 120.5394
23.590829 120.540561
23.591141 120.541726
23.591453 120.542892
23.591765 120.544057
23.592072 120.545219
23.592375 120.546376
23.592585 120.547199
X
23.616483 120.624758
23.616956 120.625068
23.617403 120.625327
23.617986 120.625624
23.618913 120.625993
23.62008 120.626436
23.621316 120.626954
23.622483 120.627397
23.623684 120.627803
23.625022 120.628172
23.626054 120.628723
23.626332 120.628875
23.627548 120.62979
23.629143 120.631204
23.630966 120.632452
23.632782 120.63349
23.634766 120.634454
23.635046 120.634686
23.635373 120.634957
23.636186 120.635629
23.638274 120.637171
23.638381 120.637235
23.638867 120.637525
23.639855 120.638116
23.641314 120.639111
23.643654 120.640863
23.645173 120.641946
23.647793 120.643976
23.647815 120.644058
23.648345 120.644724
23.649057 120.6458
23.649449 120.646453
23.649805 120.646915
23.650302 120.647221
23.650799 120.647605
23.651425 120.64814
23.652275 120.648987
23.653059 120.649764
23.653162 120.64994
23.653253 120.649965
23.653612 120.650306
23.654159 120.650697
23.654598 120.651009
23.654859 120.651196
23.654766 120.651152
23.655541 120.65188
23.656782 120.65301
23.657883 120.654154
23.658005 120.654282
23.658901 120.655019
23.660918 120.65708
23.662487 120.6587
23.663832 120.65983
23.664772 120.661055
23.667336 120.664376
23.667355 120.664467
23.668349 120.665649
23.669265 120.666921
23.670245 120.668192
23.671096 120.669677
23.67162 120.670666
23.67202 120.671347
23.672399 120.672594
23.672587 120.673632
23.672681 120.674307
23.673204 120.674983
23.673631 120.675478
23.673659 120.675665
23.674044 120.675847
23.674043 120.675889
23.6741 120.675889
23.674044 120.675847
23.674135 120.675889
23.6741 120.675889
23.674379 120.6761
23.676257 120.678285
23.678187 120.680545
23.680317 120.682806
23.68258 120.685212
23.684113 120.686091
23.687045 120.687556
23.689645 120.688584
23.691712 120.688956
23.695247 120.689553
23.697781 120.690145
23.698982 120.690005
23.700448 120.690665
23.701915 120.69118
23.703315 120.691695
23.704048 120.691843
23.705581 120.692721
23.706313 120.693451
23.707111 120.694544
23.707911 120.694984
23.708978 120.695279
23.709444 120.695789
23.710708 120.697248
23.711508 120.697615
23.712308 120.697546
23.713645 120.696462
23.714715 120.695522
23.715783 120.694946
23.717184 120.695097
23.717985 120.694955
23.718766 120.694896
23.719086 120.69482
23.719585 120.694805
23.720479 120.694706
23.721506 120.694461
X
23.612463 120.633802
23.612382 120.63323
23.612064 120.631228
23.611942 120.630232
23.611139 120.628087
23.610917 120.627376
23.610546 120.626955
23.610287 120.626776
23.61009 120.626623
23.609586 120.626145
23.609355 120.625889
23.609171 120.62564
23.60901 120.625333
23.608828 120.624918
23.608854 120.624995
23.608828 120.624918
23.608621 120.6243
23.60814 120.622894
23.607522 120.62143
23.607083 120.620513
23.606713 120.619996
23.606248 120.619538
23.605592 120.618992
23.60473 120.618328
23.604046 120.617708
23.603567 120.616924
23.603388 120.616243
23.603289 120.615192
23.603259 120.614952
23.603192 120.614422
23.603167 120.614028
23.603164 120.613978
23.603012 120.613416
23.602751 120.612794
23.60234 120.612114
23.601628 120.611228
23.601108 120.610593
23.600587 120.609528
23.600215 120.608448
23.600022 120.607619
23.59987 120.606627
23.599635 120.605665
23.599332 120.604704
23.598975 120.603801
23.598619 120.603151
23.598085 120.602575
23.59747 120.602162
23.596445 120.601513
23.595651 120.600894
23.595173 120.60051
23.594243 120.599758
23.593914 120.599463
23.593463 120.59896
23.592889 120.598622
23.592274 120.598298
23.5917 120.597974
23.591044 120.597798
23.590102 120.597667
23.58972 120.597565
23.58931 120.597388
23.588995 120.597138
23.588667 120.596902
23.58838 120.596666
23.587764 120.596194
23.587163 120.595796
23.58678 120.59553
23.586397 120.595295
23.585467 120.594557
23.585057 120.594307
23.584182 120.593658
23.583348 120.593038
23.582732 120.592418
23.582417 120.592019
23.581978 120.59128
23.581786 120.590955
23.581609 120.590778
23.581198 120.590306
23.581198 120.590306
23.580047 120.588799
23.578882 120.586863
23.578348 120.586005
23.577854 120.585104
23.577442 120.584217
23.577058 120.583329
23.576687 120.582709
23.576304 120.582162
23.57603 120.581911
23.575606 120.581602
23.575059 120.581218
23.57413 120.580881
23.573215 120.580573
23.572641 120.580338
23.572135 120.580028
23.571671 120.579763
23.571097 120.579469
23.570714 120.579159
23.570153 120.578806
23.569784 120.578599
23.568964 120.578276
23.568513 120.578041
23.568267 120.577849
23.56757 120.577318
23.567214 120.577083
23.566613 120.576788
23.565711 120.576436
23.564399 120.575878
23.56332 120.575437
23.562418 120.575144
23.561107 120.574748
23.560165 120.574544
23.559496 120.574487
23.558486 120.57449
23.55764 120.574448
23.557012 120.574376
23.556547 120.574245
23.555864 120.573921
23.555194 120.573479
23.553895 120.572713
23.552679 120.571992
23.551954 120.571595
23.551504 120.571463
23.55123 120.571375
23.550807 120.571243
23.550001 120.571127
23.549374 120.571188
23.548637 120.571287
23.546892 120.571826
23.544766 120.572958
23.542531 120.574445
23.540108 120.576227
23.537598 120.579432
23.536223 120.581412
23.535415 120.582593
23.535231 120.582863
23.534617 120.583458
23.534096 120.583963
23.533845 120.58465
23.533215 120.585795
23.532164 120.587516
23.531668 120.588417
23.531231 120.589321
23.530864 120.590186
23.530113 120.592113
23.529295 120.593895
23.528112 120.596292
23.526833 120.598783
23.526455 120.599099
23.526441 120.599111
23.52539 120.598447
23.524267 120.597901
23.522927 120.597435
23.521841 120.597163
23.520647 120.596971
23.519887 120.596816
23.518764 120.596388
23.518293 120.596232
23.516268 120.596435
23.514785 120.596557
23.513229 120.596405
23.51113 120.59594
23.508341 120.594654
23.507453 120.594267
23.506522 120.593852
23.505251 120.593659
23.504514 120.593633
23.50398 120.593614
23.501939 120.593768
23.500805 120.593796
23.500101 120.593699
23.499715 120.593497
X
23.381402 120.456851
23.378706 120.455866
23.37704 120.455244
23.375766 120.45483
23.373756 120.453787
23.371355 120.452906
23.369444 120.452286
23.36469 120.450423
23.362679 120.449652
23.362224 120.449313
23.361487 120.448974
23.360702 120.448677
23.359667 120.448093
23.359109 120.447849
23.358414 120.447661
23.357568 120.447459
23.356731 120.447114
23.356315 120.446972
23.355203 120.446233
23.354137 120.445965
23.353676 120.445689
23.352883 120.445305
23.352086 120.444845
23.351528 120.444558
23.350967 120.44416
23.350453 120.443777
23.349745 120.443343
23.349098 120.442835
23.347982 120.442058
23.347239 120.441414
23.346863 120.441094
23.345434 120.440468
23.34423 120.440131
23.342948 120.439774
23.342215 120.439486
23.34044 120.438909
23.33838 120.438245
23.337015 120.437412
23.336332 120.436996
23.335257 120.436235
23.334832 120.436072
23.334417 120.435945
23.333589 120.435778
23.333418 120.435777
23.333162 120.435862
23.332623 120.435974
23.331973 120.436126
23.330771 120.436324
23.329195 120.436501
23.32764 120.43658
23.326072 120.436116
23.323622 120.435024
23.321367 120.433931
X
23.318721 120.429581
23.318075 120.428589
23.317612 120.427448
23.317057 120.426308
23.316502 120.425316
23.315211 120.423682
23.314289 120.422543
23.31369 120.42175
23.312766 120.420214
23.312166 120.419223
23.311335 120.418083
23.31032 120.416646
23.309351 120.41511
23.308473 120.413574
23.307548 120.41159
23.306623 120.409904
23.305793 120.408716
23.305099 120.407377
23.303991 120.405643
23.303022 120.404156
23.302007 120.402869
23.30124 120.401964
23.301229 120.401949
23.300643 120.401247
23.300057 120.400544
23.299471 120.399841
23.298885 120.399138
23.298299 120.398436
23.297713 120.397733
23.297127 120.39703
23.29654 120.396328
23.295954 120.395625
23.295239 120.395003
23.293904 120.393813
23.293165 120.393069
23.292516 120.392382
23.291346 120.391297
23.29072 120.390732
23.289935 120.3902
23.28937 120.389692
23.288555 120.389023
23.287582 120.388603
23.286797 120.388071
23.285897 120.387767
23.28506 120.387228
23.284008 120.386975
23.283196 120.386855
23.282296 120.386551
23.281291 120.386244
23.280286 120.385937
23.279281 120.385629
23.278276 120.385322
23.277451 120.384776
23.276625 120.384229
23.275799 120.383682
23.274925 120.383107
23.274052 120.382531
23.273178 120.381956
23.272304 120.38138
23.27143 120.380804
23.270382 120.380351
23.269333 120.379897
23.268285 120.379443
23.267236 120.37899
23.266322 120.378612
23.265408 120.378235
23.264493 120.377858
23.263579 120.37748
23.262665 120.377103
23.26184 120.37671
23.261015 120.376316
23.26019 120.375923
23.259364 120.375529
23.258539 120.375135
23.257714 120.374742
23.256828 120.374067
23.255942 120.373393
23.255055 120.372718
23.254169 120.372044
23.253215 120.371553
23.252261 120.371063
23.251306 120.370572
23.250352 120.370081
23.249172 120.369622
23.247992 120.369163
23.246812 120.368704
23.246055 120.36822
23.245298 120.367736
23.244541 120.367253
23.243785 120.366769
23.243028 120.366285
23.242271 120.365801
23.241514 120.365318
23.240683 120.364819
23.239853 120.36432
23.239022 120.363821
23.238192 120.363322
23.237361 120.362823
23.236531 120.362324
23.2357 120.361824
23.234554 120.361267
23.233408 120.360711
23.232262 120.360154
23.231231 120.359709
23.2302 120.359265
23.229168 120.358821
23.228137 120.358376
23.227244 120.358153
23.226351 120.35793
23.225458 120.357707
23.224565 120.357484
23.223672 120.357261
23.222693 120.357201
23.221715 120.357142
23.220737 120.357082
23.219759 120.357023
23.218832 120.357046
23.217906 120.357068
23.216979 120.357091
23.216053 120.357114
23.215126 120.357137
23.2142 120.357159
23.213274 120.357182
23.212347 120.357205
23.211203 120.357211
23.21006 120.357216
23.208916 120.357221
23.207983 120.357085
23.20705 120.356949
23.206117 120.356813
23.205185 120.356677
23.204252 120.356541
23.203319 120.356405
X
23.526441 120.599111
23.524267 120.597901
23.522927 120.597435
23.521841 120.597163
23.519887 120.596816
23.518293 120.596232
23.515651 120.596486
23.514096 120.59649
23.513229 120.596405
23.512023 120.596138
23.51113 120.59594
23.510422 120.595614
23.509051 120.594982
23.507453 120.594267
23.506522 120.593852
23.504514 120.593633
23.501939 120.593768
23.500461 120.593749
23.499261 120.593259
23.497853 120.59287
23.496945 120.592725
23.494551 120.592492
23.49273 120.592388
23.490504 120.592257
23.48886 120.592317
23.487494 120.592239
23.485117 120.592329
23.483118 120.592061
23.480689 120.591904
23.47993 120.591851
23.478969 120.591827
23.477654 120.591776
23.476059 120.591452
23.475037 120.591221
23.473883 120.59102
23.473072 120.590611
23.472186 120.590148
23.471313 120.589779
23.470768 120.589549
23.469738 120.589113
23.468484 120.588643
23.467291 120.588581
23.465737 120.58906
23.463549 120.58982
23.461194 120.59066
23.458873 120.591635
23.457355 120.592153
23.455132 120.593054
23.452426 120.594003
23.450514 120.594638
23.448581 120.595553
23.448023 120.595869
23.447026 120.59706
23.446253 120.597704
23.445298 120.598371
23.444504 120.598769
23.443977 120.598864
23.443364 120.598889
23.442633 120.598857
23.44172 120.598718
23.441159 120.598594
23.440685 120.598415
23.440376 120.598298
23.439903 120.598043
23.439332 120.597736
23.439056 120.597502
23.439332 120.597736
X
23.321007 120.507364
23.322203 120.507464
23.323569 120.507459
23.324797 120.50739
23.326143 120.507321
23.328023 120.507314
23.329508 120.507265
23.33032 120.507284
23.330934 120.50741
23.331628 120.507644
23.332183 120.507942
23.332878 120.508539
23.333771 120.509415
23.335142 120.510889
23.335897 120.511723
23.336672 120.512513
23.337367 120.513347
23.338035 120.514168
23.339256 120.515187
23.340498 120.516161
23.341509 120.517066
23.342624 120.517904
23.343179 120.518233
23.343613 120.518491
23.344728 120.51917
23.345821 120.519666
23.346831 120.520163
23.348051 120.52084
23.349565 120.521836
23.350029 120.522311
23.352806 120.524303
23.353988 120.526209
23.355508 120.529023
23.356103 120.531386
23.357653 120.534547
23.357777 120.535138
23.358373 120.537361
23.358626 120.538424
23.359041 120.539679
23.359329 120.540588
23.360353 120.54246
23.361035 120.543831
23.362238 120.545839
23.363618 120.547749
23.365446 120.549832
23.366789 120.551027
23.368846 120.552394
23.370063 120.553183
23.37178 120.554164
23.3728 120.554644
23.374623 120.555334
23.375135 120.555583
23.37652 120.556094
23.378382 120.557258
23.379638 120.55819
23.380245 120.558938
23.381242 120.559918
23.381671 120.560133
23.38319 120.560895
23.384879 120.561966
23.387002 120.563739
23.389384 120.565464
23.390311 120.566327
23.391638 120.567564
23.393934 120.569477
23.396099 120.570828
23.39848 120.572085
23.400168 120.572875
23.401901 120.574181
23.40307 120.575021
23.404586 120.575906
23.406187 120.576463
23.407744 120.57702
23.409303 120.577764
23.411078 120.57893
23.411944 120.579395
23.413241 120.579578
23.414625 120.579668
23.415922 120.579898
23.416745 120.580364
23.417611 120.581204
23.419083 120.581996
23.420253 120.582788
23.422028 120.583767
23.423154 120.5847
23.42428 120.585399
23.425665 120.586144
23.427569 120.586794
23.428953 120.587165
23.430078 120.587536
23.43064 120.587815
23.43142 120.588515
23.432504 120.589777
23.433241 120.59029
23.434279 120.590708
23.435622 120.591594
23.436446 120.59281
23.437229 120.594635
23.438011 120.596131
23.438378 120.596577
23.439332 120.597736
X
23.065138 120.343137
23.063946 120.335699
23.061307 120.330017
23.059427 120.32591
23.059074 120.325137
23.058127 120.323171
23.057979 120.32142
23.057638 120.3204
23.057497 120.319379
23.056338 120.315881
23.055247 120.312675
23.055037 120.311362
23.05482 120.30932
23.05453 120.306548
23.054283 120.301004
23.054324 120.298085
23.054111 120.296553
23.053226 120.294076
23.052477 120.291963
X
23.032015 120.25223
23.027654 120.24891
23.024736 120.247279
23.020844 120.244756
23.017092 120.242681
23.014796 120.241797
23.008692 120.240828
23.006569 120.240482
23.004446 120.240136
23.002721 120.239787
23.000466 120.239585
22.99851 120.239489
22.996553 120.239357
22.994564 120.239189
22.992011 120.23906
22.990121 120.238927
22.98717 120.238729
22.982328 120.238076
22.979144 120.237807
22.976291 120.237322
22.972972 120.236267
22.969985 120.235532
22.966035 120.234408
22.963711 120.23367
22.961089 120.232754
22.959329 120.232227
22.955345 120.230818
22.952823 120.230116
22.949568 120.22881
22.948338 120.228101
22.947074 120.227249
22.945943 120.226361
22.944246 120.225046
22.942147 120.222911
22.94018 120.220524
22.938498 120.215523
22.938215 120.211946
22.938065 120.20844
X
23.091262 120.370859
23.090217 120.371115
23.089173 120.371372
23.088128 120.371628
23.087194 120.372153
23.08626 120.372677
23.085325 120.373201
23.084563 120.373875
23.083801 120.37455
23.083039 120.375224
23.082309 120.375982
23.081578 120.37674
23.080848 120.377498
23.080008 120.378257
23.079168 120.379016
23.078329 120.379774
23.077489 120.380533
23.042695 120.423394
23.043482 120.422668
23.044268 120.421942
23.045055 120.421216
23.045841 120.42049
23.046562 120.419578
23.047284 120.418667
23.048005 120.417756
23.048795 120.416919
23.049585 120.416081
23.050376 120.415244
23.051066 120.41444
23.051757 120.413636
23.052447 120.412833
23.053138 120.412029
23.053828 120.411225
23.054446 120.4105
23.055065 120.409774
23.055683 120.409049
23.056301 120.408323
23.056919 120.407598
23.057538 120.406872
23.058345 120.405849
23.059152 120.404826
23.059958 120.403803
23.060669 120.402707
23.061357 120.40161
23.062068 120.400513
23.042643 120.423339
23.039292 120.426911
23.036922 120.429701
23.033984 120.432882
23.031202 120.436285
23.0262 120.441309
23.02419 120.443708
23.021716 120.446553
23.016973 120.451742
23.013571 120.455647
X
22.878623 120.330568
22.876284 120.328499
22.875185 120.32791
22.873258 120.326136
22.872571 120.325842
22.870921 120.324661
22.870096 120.32407
22.867897 120.322891
22.86647 120.322505
22.8649 120.32192
22.863174 120.321591
22.860584 120.320927
22.858622 120.320429
22.856189 120.319849
22.854384 120.319519
22.852893 120.319273
22.851402 120.318857
22.849911 120.318526
22.84842 120.318196
22.846851 120.31795
22.844576 120.317538
22.841674 120.317299
22.839007 120.317058
22.836654 120.316732
22.834941 120.316759
22.831646 120.31662
22.829174 120.316034
22.826704 120.316041
22.823818 120.314864
22.822171 120.31472
22.819012 120.31384
22.81654 120.313255
22.815441 120.313109
22.813519 120.31267
22.811459 120.31238
22.808987 120.311646
X
22.904024 120.478837
22.901153 120.477021
22.898579 120.475344
22.895258 120.473698
22.891103 120.471945
22.889622 120.471603
22.888915 120.47132
22.888225 120.471002
22.887408 120.470347
22.88702 120.470003
22.886344 120.469527
22.885756 120.469113
22.885287 120.468721
22.884752 120.468256
22.884444 120.467719
22.884296 120.466938
22.884033 120.466033
22.883741 120.465565
22.883508 120.465066
22.883304 120.464691
22.883129 120.464348
22.882931 120.46387
22.882508 120.463114
22.882209 120.46266
22.881821 120.462431
22.881433 120.462391
22.880342 120.462483
22.879358 120.462769
22.878403 120.463023
22.877795 120.463181
22.877307 120.463408
22.876783 120.463529
22.876377 120.463562
22.875741 120.463689
22.875567 120.46369
22.875277 120.463723
22.874947 120.463818
22.874796 120.463721
22.874234 120.463477
22.873857 120.463384
22.873364 120.46323
22.872929 120.463075
22.872076 120.462888
22.871363 120.462456
22.870231 120.461773
22.869563 120.461432
22.868924 120.460934
22.868279 120.460057
22.867848 120.459532
22.867528 120.459033
22.867208 120.458722
22.866801 120.458411
22.866482 120.4581
22.866162 120.457819
22.865958 120.457508
22.865697 120.457227
22.865319 120.456979
22.864971 120.45673
22.864555 120.456498
22.86436 120.45631
22.864032 120.455971
22.863636 120.455571
22.863111 120.455081
22.862385 120.454334
22.861694 120.453635
22.860728 120.452715
22.859914 120.451656
22.8591 120.450878
22.858402 120.450068
22.857733 120.449414
22.856774 120.448355
22.85532 120.44683
22.854477 120.445895
22.853684 120.445093
22.853363 120.44467
22.853156 120.44413
22.852665 120.443456
22.851857 120.44272
22.8509 120.441887
22.850212 120.441247
22.849374 120.44051
22.848656 120.439837
22.847939 120.439197
22.847429 120.438491
22.84695 120.437785
22.846589 120.437143
22.84626 120.436598
22.846049 120.435987
22.845868 120.435409
22.845358 120.434639
22.844818 120.433773
22.84404 120.432972
22.842842 120.431529
22.841884 120.430343
22.841225 120.429477
22.840208 120.428612
22.83916 120.427459
22.838382 120.426529
22.837843 120.42592
22.837096 120.425505
22.836797 120.425313
22.836378 120.424929
22.835689 120.424031
22.834611 120.42262
22.833653 120.421691
22.833078 120.421325
22.832508 120.420993
22.831315 120.419994
22.830425 120.419582
22.829678 120.419006
22.82896 120.41843
22.827374 120.416861
22.826446 120.4159
22.825937 120.415452
22.825548 120.415099
22.82492 120.414491
22.824531 120.414107
22.823993 120.413626
22.823513 120.412985
22.823064 120.412569
22.822645 120.41212
22.822284 120.411689
22.821299 120.410872
22.819744 120.409624
22.818069 120.408248
22.816573 120.406807
22.815797 120.406026
22.81412 120.404856
22.812775 120.4038
22.811459 120.402938
22.811011 120.402554
22.810711 120.402265
22.809934 120.401786
22.809539 120.401196
22.809206 120.400742
22.808957 120.400482
22.808523 120.400115
22.808142 120.399777
22.807626 120.399476
22.806912 120.399208
22.806399 120.399366
22.805822 120.399507
22.805316 120.399568
22.804729 120.39957
22.803891 120.399514
22.803025 120.399488
22.802326 120.39946
22.801823 120.399493
22.800846 120.399527
22.799506 120.399865
22.797885 120.399811
22.795453 120.399491
22.792993 120.39911
22.791567 120.398784
22.789944 120.398309
22.788741 120.397802
22.787535 120.396723
22.786497 120.395432
22.786047 120.39459
22.785484 120.393568
22.785062 120.392756
22.784557 120.392186
22.784164 120.391766
22.783712 120.391129
22.783297 120.390509
22.782956 120.389963
22.78245 120.389242
22.78214 120.388671
22.781662 120.38789
22.781381 120.387289
22.781072 120.386838
22.780902 120.386327
22.780705 120.385996
22.780396 120.385425
22.780031 120.385035
22.779666 120.384494
22.779357 120.384164
22.77899 120.383532
22.778675 120.383061
22.778356 120.382635
22.777084 120.381583
22.776074 120.380533
22.775513 120.379903
22.7754 120.379692
22.774783 120.379093
22.773941 120.378042
22.773212 120.377352
22.769038 120.37475
22.763914 120.371941
22.761058 120.370297
22.753666 120.364453
22.752793 120.363229
22.751209 120.360428
22.749898 120.358445
22.746791 120.354716
22.744502 120.352328
22.741641 120.349812
22.740155 120.348554
22.738445 120.347026
22.736075 120.345329
22.73318 120.344099
22.730914 120.343327
22.72434 120.341341
X
23.125105 120.703882
23.122592 120.701663
23.12161 120.700864
23.120479 120.699943
23.118819 120.698368
23.117039 120.696467
23.115251 120.694432
23.112988 120.691275
23.11016 120.688619
23.108413 120.687292
23.106151 120.685023
23.103017 120.682756
23.099367 120.679603
23.095756 120.677305
23.09246 120.675287
23.086233 120.670904
23.078127 120.665523
23.073811 120.662706
23.068947 120.660332
23.065125 120.65818
23.061046 120.656193
23.059662 120.655581
23.058813 120.655205
23.057844 120.65485
23.052866 120.653443
23.048399 120.65168
23.045242 120.650419
23.043843 120.649909
23.042468 120.649535
23.040524 120.649104
23.036906 120.648441
23.033307 120.647719
23.031656 120.647174
23.029454 120.646631
23.027186 120.646107
23.025243 120.645595
23.025179 120.645578
23.025257 120.645589
23.022963 120.643976
23.02209 120.643381
23.02016 120.642226
23.019635 120.641911
23.017461 120.640895
23.015147 120.640145
23.012107 120.639236
23.010941 120.63887
23.010147 120.638597
23.00956 120.638488
23.00815 120.638183
23.007479 120.638074
23.006471 120.637933
23.00521 120.637801
23.004796 120.637742
23.004398 120.637713
23.004009 120.637575
23.003411 120.63736
23.002364 120.636991
23.001919 120.636845
23.001722 120.636712
23.001205 120.636356
23.000567 120.63591
23.000101 120.635579
22.998882 120.634818
22.998535 120.634607
22.998112 120.634348
22.997796 120.634252
22.997278 120.634128
22.996342 120.63381
22.996017 120.633682
22.995928 120.633678
22.995829 120.633664
22.995731 120.633669
22.995424 120.633702
22.992683 120.633686
22.989661 120.633909
22.985724 120.634435
22.982901 120.635345
22.979206 120.637288
22.976942 120.638411
22.974835 120.639018
22.972847 120.639582
22.971455 120.63993
22.970541 120.640168
22.968353 120.640217
22.96708 120.640263
22.964494 120.640141
22.961272 120.640064
22.954428 120.639373
22.951763 120.639294
22.95049 120.639298
22.948978 120.639259
22.947705 120.639348
22.938001 120.640125
22.937891 120.640126
22.937891 120.640133
22.928215 120.640244
22.923492 120.639426
22.911831 120.638017
22.906904 120.637254
22.898606 120.635589
22.886974 120.634201
22.883846 120.633604
22.87832 120.631072
22.874115 120.629217
22.869886 120.627522
22.86518 120.626127
22.861168 120.624581
22.855888 120.622387
22.850793 120.620322
22.849013 120.619847
22.846739 120.619533
22.844663 120.619432
22.840956 120.619336
22.836767 120.619371
22.83348 120.61938
22.830753 120.619215
22.825831 120.619229
22.822462 120.618806
22.819817 120.618813
22.81645 120.618995
22.813404 120.619523
22.809799 120.620311
22.806912 120.620319
22.803866 120.620327
22.797563 120.620085
22.794756 120.619488
22.790585 120.618635
22.787458 120.618644
22.785213 120.61865
22.781205 120.618756
22.778801 120.619368
22.775675 120.619636
22.772789 120.61999
22.769503 120.620431
22.766296 120.620181
22.765887 120.620086
22.764532 120.62013
22.761331 120.620139
22.738929 120.620201
22.734634 120.620303
22.731182 120.620767
22.726804 120.621596
22.72267 120.622548
22.721585 120.622609
22.720322 120.622612
22.718742 120.622645
22.708924 120.620771
22.70507 120.618535
22.701138 120.616904
22.698569 120.615701
22.692517 120.612608
22.686896 120.608908
22.682239 120.606243
22.679109 120.60487
22.675769 120.602892
22.671756 120.601435
22.669269 120.600665
22.664581 120.598518
22.660651 120.597925
22.656959 120.596381
22.65423 120.595093
22.647971 120.593125
22.645207 120.592603
22.642763 120.592065
22.641078 120.591889
22.63973 120.591893
22.637625 120.592081
22.634848 120.592724
22.630471 120.593826
22.626768 120.594925
22.622644 120.596207
22.620036 120.597394
22.611054 120.600413
22.604691 120.602567
22.602077 120.603387
22.598387 120.604267
22.594003 120.605056
22.589499 120.60591
22.587216 120.606176
22.578865 120.606329
22.572437 120.606606
22.564568 120.607081
22.553332 120.606789
22.544979 120.606166
22.533984 120.606197
22.522929 120.606229
22.511573 120.605938
22.50298 120.605574
22.49691 120.604945
22.493784 120.604372
22.489575 120.602832
22.484044 120.601619
22.48152 120.601368
22.476412 120.600865
22.473648 120.600679
22.469502 120.600562
22.463674 120.600708
22.45226 120.601322
22.444872 120.60199
22.441869 120.60258
22.438385 120.603042
22.43388 120.603508
22.431116 120.603515
22.429193 120.603392
22.42709 120.603204
22.423363 120.602439
22.420778 120.601994
22.418676 120.602064
22.414169 120.602077
22.4069 120.602421
22.393 120.602623
22.388741 120.602469
22.38317 120.603733
22.379611 120.604576
22.374085 120.605507
22.366186 120.605988
22.357033 120.605765
22.354137 120.606146
22.332248 120.609197
X
22.69466 120.625538
22.691097 120.62488
22.6856 120.624478
22.6808 120.624324
22.677859 120.624916
22.672949 120.624178
22.668534 120.623189
22.665435 120.622364
22.662928 120.622537
22.655956 120.620805
22.651542 120.620316
22.647747 120.619493
22.640512 120.617928
22.635169 120.617276
22.630755 120.616954
22.628277 120.616794
22.622967 120.616892
22.621239 120.616638
X
22.096148 120.708545
22.091869 120.7099
22.083483 120.714668
22.070968 120.720297
22.067483 120.721293
22.060723 120.723641
22.055033 120.726119
22.027019 120.736625
22.014434 120.741345
21.997798 120.746659
21.988971 120.748226
21.986866 120.748258
21.981873 120.748353
21.978894 120.748963
21.972072 120.750462
21.965396 120.752586
21.960807 120.754792
X
24.030746 121.623591
24.030072 121.622907
24.019232 121.614173
24.013088 121.609803
24.008204 121.607215
24.003414 121.605005
23.996758 121.602514
23.991903 121.601631
23.983542 121.601592
23.97405 121.602162
23.969191 121.602263
23.966018 121.602224
X
23.94432 121.602477
23.93267 121.595537
23.926468 121.59076
23.920319 121.586517
23.911993 121.580545
23.903939 121.574752
23.899151 121.571051
23.89578 121.568039
23.892518 121.564761
23.890509 121.561963
23.889263 121.559643
23.886654 121.556725
23.884426 121.554223
23.878769 121.549274
23.875122 121.546677
23.8705 121.542267
23.864785 121.53809
23.862336 121.536241
23.859232 121.534507
23.855801 121.532535
23.850251 121.528063
23.845789 121.524486
23.840343 121.521379
23.836203 121.519464
23.831733 121.518171
23.827752 121.517444
23.824099 121.51654
23.821481 121.516233
23.816354 121.51556
23.811774 121.514534
23.806105 121.512851
23.79684 121.509553
23.792151 121.50823
23.788773 121.506675
23.784093 121.50304
23.780939 121.499529
23.779255 121.4973
23.777624 121.495515
23.775611 121.49355
23.772835 121.491524
23.770929 121.490331
23.767549 121.489133
23.76417 121.487994
23.760333 121.486556
23.75592 121.484465
23.750579 121.48243
23.749651 121.482308
23.747307 121.481706
23.744637 121.48057
23.741746 121.480263
23.737054 121.480009
23.729468 121.480455
23.72066 121.48066
23.715422 121.4807
23.71095 121.479795
23.708769 121.479135
23.704628 121.477164
23.701686 121.475909
23.700377 121.475727
23.697977 121.475363
23.696014 121.474881
23.689866 121.472519
23.685998 121.47049
23.681749 121.468046
23.677339 121.465009
23.673093 121.46138
23.669499 121.458938
23.664565 121.455603
23.661515 121.453697
23.658356 121.451731
23.656973 121.450926
23.65567 121.450268
23.655634 121.450252
23.653465 121.44928
23.651542 121.448252
23.65131 121.448129
23.647904 121.446265
X
23.647803 121.44621
23.645378 121.444727
23.641894 121.441931
23.639718 121.439495
23.637816 121.436764
23.634879 121.433556
23.633301 121.431656
23.630797 121.429456
23.626985 121.426956
23.625024 121.425706
23.622837 121.423283
23.620984 121.42233
23.618696 121.421079
23.616462 121.419591
23.613018 121.418159
23.610021 121.416254
23.606102 121.41263
23.60398 121.410314
23.601914 121.407524
23.600178 121.403848
23.597079 121.39919
23.594796 121.395867
23.593545 121.394383
23.592728 121.39373
23.591366 121.392956
23.589675 121.392714
23.585745 121.392821
23.582145 121.392514
23.577617 121.392086
23.571944 121.391063
23.566437 121.389271
23.559188 121.38623
23.554772 121.384323
23.550848 121.382507
23.546814 121.381015
23.545177 121.380596
23.542667 121.380589
23.538465 121.380991
23.531478 121.381681
23.526184 121.382139
23.518761 121.383006
23.513302 121.383937
23.509371 121.384635
23.505711 121.386104
23.502429 121.389349
23.498928 121.392711
23.497081 121.39383
23.494623 121.394887
23.491674 121.395707
23.487853 121.396169
23.485343 121.396161
23.482452 121.395679
23.481253 121.395321
23.477053 121.394243
23.4734 121.393345
23.470509 121.392863
23.467401 121.391967
23.465119 121.391513
23.462874 121.391066
23.460343 121.390418
23.457966 121.38981
23.456144 121.389449
X
23.600927 121.521808
23.600871 121.521711
23.599873 121.520257
23.599166 121.519212
23.599039 121.518979
23.598544 121.518076
23.598087 121.517213
23.597881 121.516397
23.597509 121.515262
23.597011 121.514445
23.596178 121.513535
23.594845 121.512623
23.593178 121.511393
23.591761 121.510617
23.590385 121.509796
23.590253 121.509683
23.58929 121.508814
23.588512 121.507886
23.587972 121.506977
23.587182 121.505751
23.586412 121.504955
23.586038 121.504364
23.585456 121.503682
23.584915 121.503046
23.584248 121.502499
23.58354 121.501998
23.582539 121.501587
23.581788 121.501357
23.580682 121.501059
23.580057 121.500739
23.579222 121.500419
23.57868 121.500281
23.57797 121.500142
23.577177 121.500048
23.576176 121.499591
23.575342 121.49909
23.574842 121.49868
23.573884 121.497906
23.573552 121.497452
23.573303 121.496726
23.573098 121.495683
23.572935 121.494414
23.57273 121.493099
23.572483 121.492101
23.572234 121.491556
23.571903 121.490603
23.571613 121.489877
23.571113 121.489241
23.570636 121.488446
23.570304 121.487811
23.569971 121.487221
23.569806 121.486767
23.569431 121.486222
23.568931 121.485812
23.568264 121.485538
23.567597 121.485173
23.56718 121.484854
23.566722 121.484354
23.566182 121.483491
23.565225 121.48231
23.564726 121.481809
23.564142 121.481309
23.563727 121.480718
23.56327 121.479856
23.562855 121.478812
23.562566 121.477905
23.562234 121.477134
23.561903 121.476272
23.561571 121.475545
23.560863 121.474682
23.560196 121.474272
23.559717 121.473885
23.559217 121.473521
23.558968 121.473157
23.55851 121.472567
23.558219 121.472158
23.557803 121.471658
23.55722 121.471112
23.556552 121.470747
23.555927 121.470519
23.555467 121.470472
23.554925 121.470243
23.554091 121.469787
23.552924 121.469013
23.551882 121.46833
23.55084 121.467692
23.549485 121.466894
23.548776 121.466484
23.548108 121.46621
23.547149 121.465844
23.546273 121.465569
23.545354 121.465339
23.544687 121.465156
23.543978 121.4647
23.542978 121.463972
23.542311 121.463426
23.541186 121.462425
23.540187 121.46147
23.53927 121.460652
23.538187 121.459969
23.537499 121.459445
23.536832 121.459035
23.536206 121.458671
23.535457 121.457762
23.534791 121.45708
23.53375 121.45608
23.532708 121.455216
23.531667 121.454306
23.531125 121.453987
23.530708 121.453669
23.529957 121.453304
23.529039 121.453074
23.528559 121.45305
23.527473 121.453001
23.52576 121.453086
23.524298 121.453217
23.523212 121.453167
23.522419 121.45321
23.521541 121.453388
23.520955 121.453658
23.520621 121.453747
23.519869 121.45379
23.518094 121.453716
23.517092 121.453577
23.515631 121.453391
23.514671 121.453297
23.513794 121.453248
23.512833 121.453155
23.511956 121.453242
23.51112 121.453375
23.509824 121.453824
23.508988 121.454047
23.507859 121.454451
23.507233 121.454539
23.506272 121.454627
23.505144 121.454578
23.503725 121.454346
23.502389 121.454115
23.501638 121.453886
23.500595 121.453475
23.499344 121.452837
23.497843 121.451835
23.497135 121.451018
23.496554 121.449974
23.496441 121.449643
23.496015 121.448387
23.495517 121.447208
23.495144 121.446211
23.494939 121.445078
23.494776 121.443719
23.494696 121.442315
23.494783 121.441228
23.494954 121.439553
23.494751 121.437605
23.494442 121.435996
23.493945 121.434682
23.493808 121.434202
23.493738 121.433956
23.492822 121.432866
23.491364 121.431684
23.489488 121.43032
23.488445 121.429773
23.486985 121.429225
23.486235 121.428588
23.485068 121.427498
23.484422 121.427066
23.483505 121.426293
23.482839 121.425747
23.482172 121.425066
23.48088 121.424201
23.479504 121.423156
23.478296 121.422156
23.47738 121.421111
23.476798 121.420023
23.476361 121.41941
23.475695 121.418457
23.474905 121.417368
23.47428 121.416777
23.473697 121.416187
23.472946 121.415596
23.472405 121.415096
23.47178 121.414415
23.471031 121.413462
23.470323 121.412418
23.469783 121.411466
23.46945 121.410876
23.468909 121.410286
23.468201 121.40965
23.468072 121.409556
23.467016 121.4084
23.466445 121.407341
23.466414 121.407253
23.466135 121.405691
23.465881 121.404331
23.465563 121.403005
23.464892 121.401261
23.464189 121.399725
23.463068 121.398014
23.46266 121.397285
23.462268 121.396583
23.461467 121.395395
23.460441 121.394033
23.459458 121.392976
23.458069 121.391482
23.456209 121.389455
23.456128 121.3894
X
23.49529 121.385031
23.490102 121.381454
23.485033 121.378202
23.478952 121.373328
23.475911 121.371118
23.472273 121.368841
23.467443 121.365461
23.463864 121.36312
23.459511 121.360227
23.455754 121.357433
23.452295 121.355352
23.447701 121.35275
23.443764 121.350733
23.43905 121.34826
23.434695 121.345918
23.431176 121.343838
23.424912 121.340326
23.41996 121.33753
23.415546 121.334801
23.405102 121.330859
23.396745 121.327861
23.395311 121.327367
23.390219 121.325889
23.385143 121.324165
23.37533 121.320962
23.365741 121.318127
23.36044 121.316036
23.35461 121.31461
23.350964 121.313568
23.340515 121.31035
23.337759 121.309386
23.33495 121.308703
23.323715 121.306085
23.316121 121.303983
23.312169 121.302678
23.305617 121.29962
X
23.479195 121.345808
23.475494 121.344632
23.471972 121.343523
23.469167 121.342673
23.467137 121.34228
23.464151 121.342207
23.460088 121.342521
23.457878 121.342839
23.45471 121.343802
23.451184 121.344699
23.448434 121.345533
23.445745 121.345979
23.444012 121.346299
23.442339 121.346747
23.439471 121.347064
23.437381 121.346993
X
23.456036 121.389384
23.454845 121.388054
23.451867 121.384581
23.448711 121.380753
23.446506 121.378351
23.441021 121.374451
23.437862 121.371659
23.433868 121.368281
23.429753 121.365357
23.426413 121.363374
23.420331 121.358956
23.416872 121.356552
23.412519 121.35311
23.409894 121.351614
23.406194 121.350504
23.4013 121.348614
23.398734 121.347637
23.396049 121.346271
23.393125 121.345098
23.390438 121.344574
23.388348 121.344374
23.38584 121.344109
23.382138 121.343258
23.378138 121.342277
23.374849 121.342016
23.36823 121.340654
23.361529 121.339203
23.352449 121.335414
23.344726 121.331809
23.3415 121.331174
23.331321 121.330252
23.327847 121.329347
23.321474 121.329242
23.316922 121.328603
23.316095 121.328422
23.311958 121.327695
23.309559 121.327062
23.305176 121.325528
23.302695 121.324446
23.299468 121.323722
23.29558 121.322637
23.29219 121.320926
23.289297 121.319127
23.287065 121.317778
23.285577 121.316699
23.28351 121.315709
23.281707 121.314719
23.27865 121.312024
23.275841 121.309688
23.274107 121.307354
23.272291 121.304931
23.270805 121.302823
23.269318 121.301296
23.267665 121.300307
23.264855 121.297971
23.261797 121.295546
23.257333 121.292401
23.253118 121.289346
23.25039 121.287459
23.248078 121.284139
23.245603 121.279835
23.24453 121.278175
23.243455 121.277098
23.240892 121.27566
23.237584 121.27422
23.232786 121.272508
23.227575 121.270438
23.224217 121.268998
23.219998 121.267557
23.215117 121.266025
23.210569 121.263777
23.20602 121.261708
23.20114 121.25946
23.198246 121.257664
23.195272 121.254166
23.193123 121.251923
23.189733 121.249768
23.187005 121.247793
23.184195 121.245013
23.181302 121.2425
23.179482 121.241405
23.176091 121.239877
23.171044 121.238256
23.166 121.235383
23.163105 121.233766
23.157646 121.23134
23.153839 121.230438
23.146724 121.228457
23.143 121.227735
23.139359 121.227012
23.134312 121.22593
23.130191 121.225028
23.127377 121.224665
23.124895 121.224214
23.120842 121.22188
23.116458 121.219636
23.111082 121.216585
23.106449 121.214788
23.102759 121.213708
23.099533 121.212361
23.09614 121.211729
23.09192 121.210559
23.086211 121.209298
23.081577 121.20768
23.076116 121.206151
23.072079 121.204713
23.069019 121.202741
23.066622 121.200232
23.064306 121.198887
23.061659 121.197452
23.059426 121.195481
23.055622 121.192524
23.052348 121.189353
23.048876 121.186038
23.046809 121.183531
23.046314 121.182189
23.043999 121.180129
23.040475 121.178067
23.034271 121.174839
23.030912 121.172831
23.028845 121.17104
23.026198 121.169874
23.020571 121.168347
23.015605 121.167268
23.010971 121.166457
23.00435 121.165376
22.999633 121.164297
22.996488 121.164294
22.992928 121.164736
22.989285 121.165715
22.987215 121.165892
22.984319 121.165441
22.979767 121.164273
22.978609 121.163825
22.97505 121.163731
22.968628 121.162436
22.959442 121.16037
22.958503 121.160163
22.958388 121.160138
22.957707 121.159988
22.955306 121.159459
22.954106 121.159518
22.951997 121.159033
22.946766 121.157289
22.941407 121.156334
22.937804 121.15595
X
22.953238 121.119015
22.94868 121.116701
22.945564 121.115342
22.942355 121.114234
22.93868 121.113276
22.932959 121.112116
22.929005 121.111058
22.923934 121.109798
22.920725 121.10849
22.917237 121.106779
22.914725 121.106376
22.908864 121.105517
22.904351 121.104811
22.899606 121.104054
22.895635 121.103216
22.890102 121.101316
22.886063 121.099322
22.883955 121.098468
22.881234 121.095527
22.879127 121.093914
22.875878 121.09249
22.872189 121.091539
22.868582 121.090851
22.864908 121.089845
22.861047 121.088436
22.856395 121.087229
22.854581 121.086776
22.850813 121.086472
22.823876 121.084447
22.820201 121.083692
22.816386 121.08359
22.809826 121.083535
22.802362 121.083061
22.800869 121.08287
22.79964 121.08249
X
22.958515 121.160076
22.957493 121.159729
22.956535 121.159245
22.955449 121.158416
22.95464 121.157616
22.953685 121.156583
22.952368 121.155635
22.951076 121.155102
22.949638 121.154715
22.948094 121.154786
22.947042 121.154691
22.94544 121.154273
22.944398 121.153396
22.943125 121.152759
22.941639 121.152351
22.940404 121.151995
22.938079 121.151168
22.936986 121.150942
22.935644 121.150734
22.934175 121.149904
22.932387 121.148591
22.930663 121.147278
22.929641 121.146725
22.927469 121.14555
22.927341 121.145412
22.926511 121.144721
22.925361 121.144167
22.919994 121.142851
22.91584 121.14195
22.910342 121.140315
22.908654 121.139955
22.900709 121.138875
22.895163 121.138869
22.888061 121.138684
22.878403 121.138084
22.872832 121.136524
22.870266 121.136075
22.868281 121.13509
22.866252 121.134224
22.863984 121.132793
22.861401 121.130478
22.858062 121.127889
22.853462 121.124756
22.849933 121.122712
22.845534 121.120501
22.841073 121.118481
22.834639 121.117356
22.827272 121.116006
22.821461 121.114994
22.81347 121.114651
22.81046 121.114425
22.804545 121.114196
22.79811 121.114079
22.792805 121.114349
22.78908 121.114792
22.786182 121.115861
22.778809 121.120081
22.768428 121.126927
22.757764 121.135484
22.748036 121.143638
X
22.868269 121.135246
22.864424 121.13395
22.861084 121.133062
22.855789 121.132105
22.851061 121.131352
22.846271 121.130599
22.844253 121.130189
22.841543 121.129302
22.83959 121.128484
22.837636 121.12787
22.834547 121.127323
22.833349 121.127118
22.831837 121.126164
22.830262 121.124871
22.828435 121.123577
22.827238 121.12276
22.825851 121.12201
22.824149 121.121329
22.821502 121.120578
22.819359 121.120032
22.817153 121.119486
22.814443 121.118736
22.812048 121.117986
22.81022 121.11744
22.80814 121.116758
22.807131 121.116281
22.805871 121.115668
22.804737 121.114987
22.803098 121.11417
X
24.282537 120.900116
24.283376 120.899495
24.284215 120.898697
24.284784 120.898282
24.286625 120.896892
24.287302 120.896359
24.288249 120.895679
24.289034 120.894910
24.289738 120.894141
24.290198 120.893431
24.290820 120.892544
24.291632 120.891391
X
24.299738 120.878935
24.300252 120.878373
24.301064 120.877692
24.301903 120.877130
24.302797 120.876715
24.303663 120.876330
X
24.300459 120.861671
24.298246 120.858350
X
24.307461 120.836335
24.306405 120.836513
24.305457 120.836574
24.302639 120.836341
24.301447 120.835840
24.300959 120.835486
24.300606 120.835013
24.300470 120.834541
24.299656 120.833241
24.298924 120.832503
24.298381 120.831677
24.298083 120.831234
24.297762 120.830876
24.297028 120.830625
24.295168 120.830255
24.292979 120.829215
24.291391 120.827979
24.290683 120.826810
24.289489 120.824596
24.288538 120.822440
X
24.303015 120.833532
24.301687 120.832322
24.300982 120.831437
X
24.311138 120.830507
24.308563 120.828441
24.307587 120.827733
24.305581 120.826790
24.304633 120.826319
24.303928 120.825876
24.303462 120.825434
24.301434 120.824402
24.299672 120.823636
24.298995 120.823164
24.297883 120.821835
24.297231 120.820802
24.296580 120.819916
24.294598 120.816373
X
24.292272 120.813287
24.292270 120.812016
24.292458 120.810567
24.292158 120.809061
X
24.286255 120.816089
24.285820 120.814671
24.285602 120.813578
24.285411 120.812278
24.285246 120.810771
24.285244 120.808909
24.285296 120.807343
24.287812 120.804827
24.287403 120.802641
24.287348 120.801961
24.286886 120.800691
24.286747 120.800064
24.286722 120.799953
24.286855 120.797736
24.286669 120.796866
24.286612 120.796388
24.286148 120.794058
24.285412 120.792626
24.284869 120.791563
24.284311 120.790854
24.283802 120.790049
24.281625 120.788202
24.280753 120.787421
24.280380 120.786875
24.280325 120.786399
24.280346 120.785474
24.280660 120.782378
24.280731 120.781352
24.280094 120.778457
24.279802 120.777477
24.279680 120.776141
24.279712 120.774897
24.279331 120.773735
24.279162 120.772282
24.279132 120.771925
24.278874 120.771227
24.278683 120.770459
24.278621 120.769625
24.278644 120.768634
24.278616 120.766536
24.278543 120.765924
24.278475 120.765626
24.278355 120.765351
24.278545 120.764552
X
24.282280 120.808892
24.281167 120.807165
24.280435 120.805982
24.279932 120.805033
24.279319 120.803961
24.278780 120.802729
24.278332 120.801394
24.277980 120.800155
24.277787 120.799269
24.277594 120.798196
24.277233 120.797011
24.277043 120.796469
24.275919 120.795207
24.275189 120.794087
24.274662 120.793241
24.274283 120.792391
24.274026 120.790714
24.274273 120.788225
24.274237 120.787782
24.275923 120.786672
24.275787 120.785698
24.275812 120.784486
24.275783 120.783038
24.275727 120.781620
24.275698 120.780408
X
24.288991 120.794955
24.288907 120.793211
24.288662 120.791882
24.288552 120.790552
24.288443 120.790139
24.286923 120.788368
24.286353 120.787246
24.286104 120.786569
24.286155 120.786159
24.286242 120.785444
24.286349 120.784468
24.286240 120.784025
24.285697 120.783317
24.285507 120.782637
24.285614 120.781987
24.285884 120.781336
24.286397 120.780124
24.286829 120.778971
24.287125 120.778113
24.287368 120.777433
24.287557 120.776635
24.287799 120.775689
24.287961 120.775009
24.288012 120.774501
24.288056 120.774031
24.288094 120.773649
24.287957 120.772733
24.287387 120.771582
24.289196 120.773876
24.289346 120.773039
24.289609 120.772080
24.289713 120.770836
24.289828 120.769595
24.290037 120.768474
24.290386 120.766966
24.290683 120.765961
24.290601 120.765340
24.290383 120.764838
24.290265 120.764501
24.290384 120.763928
24.290539 120.763184
24.290324 120.761617
24.289781 120.760613
24.289509 120.760466
24.288670 120.760527
24.287370 120.760500
24.286340 120.760620
24.285697 120.760757
24.285225 120.760660
24.284891 120.760570
24.282415 120.764756
24.282567 120.766819
X
24.271846 120.745066
24.272866 120.746460
24.273520 120.747169
24.275092 120.747962
24.275273 120.748166
24.275508 120.748450
24.275692 120.748764
24.276006 120.749191
24.276765 120.749731
24.277053 120.750015
24.277446 120.750442
24.277916 120.750840
24.278305 120.751045
24.278624 120.751266
24.278963 120.751722
24.279017 120.752002
24.279095 120.752406
24.279452 120.754005
24.279417 120.754904
24.279454 120.755608
24.279650 120.756794
24.279914 120.757535
24.280138 120.758135
24.280559 120.759007
24.280624 120.759744
24.280443 120.762930
24.280458 120.763438
24.280555 120.763649
24.280644 120.763835
24.280848 120.764501
24.281445 120.765327
X
24.131187 120.727452
24.131203 120.727433
24.131512 120.727628
24.132649 120.729609
24.133056 120.730018
24.133908 120.730606
24.134516 120.731134
24.134842 120.731568
24.135095 120.731871
24.135664 120.732106
24.136206 120.732236
24.137252 120.732242
24.138233 120.732037
24.138712 120.732
24.139359 120.731949
24.140308 120.73214
24.141502 120.732397
24.142936 120.732707
24.145211 120.733469
24.146044 120.733661
24.147169 120.734035
24.147286 120.734114
24.148118 120.734682
24.14845 120.734906
24.149395 120.735529
24.150389 120.73614
24.150906 120.736142
24.151784 120.734406
24.152773 120.73331
24.153465 120.732879
24.154315 120.73261
24.155181 120.733004
24.155978 120.733518
24.156815 120.734388
24.15752 120.734882
24.157749 120.73518
24.158057 120.735656
24.158516 120.736051
24.15885 120.736155
24.159256 120.736063
24.159481 120.735854
24.159774 120.735625
24.160401 120.735019
24.160709 120.734432
24.160971 120.733
24.161264 120.732761
24.161967 120.732405
24.162526 120.73199
24.162954 120.731259
24.163761 120.729539
24.164189 120.72897
24.164523 120.728774
24.164879 120.728604
24.165263 120.728447
24.165622 120.728342
24.166123 120.728217
24.16643 120.728217
24.166716 120.727878
24.166877 120.72738
24.167012 120.727203
24.167793 120.726818
24.168515 120.726532
24.169327 120.726232
24.169889 120.726179
24.170252 120.726184
24.171015 120.726339
24.171501 120.726572
24.171946 120.726667
24.172677 120.726608
24.173356 120.726407
24.174333 120.726091
24.17473 120.725927
24.17512 120.725803
24.175944 120.725541
24.176433 120.725397
24.176927 120.725102
24.177762 120.724788
24.17811 120.72493
24.178826 120.725371
24.17928 120.725488
24.179849 120.72552
24.180133 120.725504
24.181377 120.725437
24.181761 120.725397
24.182167 120.72524
24.182613 120.724934
24.183948 120.724006
24.184401 120.723484
24.185572 120.723182
24.186467 120.72279
24.187422 120.722684
24.188006 120.722461
24.188771 120.722355
24.189177 120.722042
24.190657 120.721492
24.191923 120.721684
24.192878 120.721513
24.194173 120.720033
24.195061 120.719529
24.196077 120.719266
24.196949 120.719512
24.197541 120.719933
24.197989 120.720655
24.198422 120.721735
24.19853 120.722529
24.199021 120.723297
24.199245 120.723615
24.199471 120.723836
24.200004 120.723899
24.200182 120.723906
24.200731 120.7241
24.200887 120.724126
24.201352 120.724164
24.201945 120.723943
24.203371 120.72347
24.204827 120.723466
24.205963 120.723751
24.207503 120.723787
24.208988 120.723657
24.210322 120.723609
24.211606 120.723812
24.212568 120.723984
24.213287 120.724425
24.214291 120.725178
24.214985 120.726193
24.21593 120.726738
24.216122 120.726828
24.216587 120.726749
24.217045 120.72645
24.217881 120.726052
24.218423 120.725955
24.219206 120.726036
24.220265 120.726101
24.220909 120.726182
24.221362 120.726263
24.221967 120.726303
24.222759 120.725972
24.224196 120.725557
24.226198 120.725511
24.228165 120.72559
24.229826 120.725751
24.231389 120.726176
24.232078 120.726196
24.232868 120.72622
24.233202 120.726375
24.233537 120.726557
24.233943 120.726764
24.234219 120.726751
24.234814 120.726502
24.235137 120.726332
24.235398 120.726253
24.235721 120.726357
24.237132 120.726249
24.237692 120.726118
24.238285 120.725967
24.238905 120.725809
24.240236 120.725383
24.241832 120.724931
24.243301 120.724876
24.243651 120.724972
24.244236 120.725154
24.245539 120.725372
24.246201 120.72575
24.246738 120.725918
24.24738 120.725993
24.247739 120.726201
24.247907 120.726552
24.247944 120.727282
24.248124 120.728144
24.248536 120.729089
24.248906 120.729753
24.249602 120.730655
24.250342 120.731597
24.251156 120.732429
24.251828 120.733314
24.25246 120.734307
24.252971 120.734822
24.253339 120.735138
24.25399 120.73532
24.254218 120.735541
24.255052 120.736337
24.255869 120.737297
24.256061 120.737374
24.256314 120.737422
24.25674 120.737327
24.256964 120.737263
24.257683 120.736961
24.258883 120.736539
24.25929 120.736486
24.259904 120.736733
24.261116 120.737807
24.262047 120.738431
24.262937 120.738839
24.263692 120.739254
24.264628 120.740207
24.265421 120.740952
24.266299 120.742129
24.266708 120.742534
24.267296 120.742873
24.26773 120.743082
24.268522 120.74325
24.269315 120.743576
24.269875 120.743802
24.270573 120.744042
24.270967 120.744354
24.271608 120.744841
24.271846 120.745066
24.271846 120.745066
24.273131 120.745705
24.274268 120.746431
24.275027 120.746902
24.275949 120.747374
24.276094 120.747505
24.276433 120.74807
24.277089 120.749025
24.27758 120.74967
24.277802 120.749898
24.278071 120.750033
24.278402 120.749844
24.278702 120.74987
24.279565 120.75017
24.279979 120.750494
24.280189 120.750779
24.2804 120.751212
24.280868 120.751547
24.281609 120.751942
24.281968 120.752267
24.282514 120.753311
24.282645 120.753598
24.282872 120.754132
24.283031 120.754618
24.283264 120.755314
24.28352 120.755551
24.2839 120.755992
24.284363 120.75625
24.284616 120.756487
24.285141 120.757003
24.285877 120.757308
24.286175 120.757422
24.286832 120.757617
24.286995 120.758057
24.286917 120.758411
24.28657 120.75879
24.285814 120.759001
24.285474 120.759187
24.284651 120.759719
24.284543 120.760175
24.28446 120.760657
24.284424 120.760905
24.284341 120.761218
24.284258 120.761518
24.284295 120.761926
24.284452 120.762508
24.284715 120.763263
X
24.134842 120.731568
24.134908 120.730515
24.135032 120.729240
24.135005 120.728023
24.134957 120.727522
24.134825 120.727340
24.134775 120.727028
24.134524 120.726807
24.134356 120.726414
24.134163 120.725838
24.133874 120.725629
24.133447 120.725612
24.133113 120.725664
24.132432 120.725965
24.132086 120.726448
24.131203 120.727433
24.130861 120.727216
24.130157 120.727129
24.129265 120.727163
24.127839 120.728754
24.126587 120.729212
24.124996 120.729339
24.124675 120.729369
24.124208 120.729413
24.123592 120.729577
24.122920 120.729968
24.122283 120.730737
24.121441 120.731012
24.120272 120.731259
24.119864 120.731395
24.119219 120.731551
24.118020 120.731747
24.116973 120.731672
24.116408 120.731361
24.116010 120.730813
24.115217 120.730401
24.114236 120.730077
24.112630 120.730686
24.111565 120.730822
24.109967 120.730943
24.108369 120.731005
24.106690 120.731186
24.105958 120.731040
24.105660 120.730759
24.105265 120.729419
24.104821 120.728731
24.104116 120.728134
24.103480 120.727393
24.102644 120.726940
24.101370 120.726590
24.100449 120.726653
24.099254 120.727280
24.098114 120.728348
24.097827 120.728426
24.097027 120.728103
24.095620 120.727306
24.095071 120.727086
24.094701 120.727138
24.093532 120.727517
24.092406 120.727963
24.091991 120.728055
24.090040 120.728755
24.089482 120.728620
24.088964 120.728120
24.088988 120.726370
24.088715 120.724880
24.088574 120.724529
24.087814 120.723718
24.087406 120.722756
24.087500 120.722522
24.087870 120.722144
24.088372 120.721362
24.088538 120.720724
24.088416 120.719696
24.088055 120.718656
24.087684 120.718189
24.087455 120.717564
24.087108 120.716837
24.086523 120.716200
24.085325 120.715500
24.084644 120.714929
24.083687 120.714827
24.082673 120.714426
24.081820 120.714421
24.081271 120.714187
24.081096 120.713871
24.080710 120.713634
24.080274 120.713635
24.079482 120.713614
24.079161 120.713490
24.078831 120.713243
24.078751 120.712769
24.078285 120.712367
24.077900 120.711783
24.077721 120.711068
24.077397 120.710561
24.077170 120.709976
24.076816 120.709098
24.076187 120.708227
24.075359 120.707248
24.074821 120.706729
24.073955 120.706308
24.073488 120.705242
24.072838 120.703045
24.072638 120.702128
24.072467 120.700216
24.072446 120.699785
24.072241 120.698740
24.071927 120.697604
24.071803 120.696380
24.071193 120.695341
24.070549 120.694709
24.069853 120.694290
24.068811 120.693551
24.068166 120.693812
24.067237 120.694439
24.067083 120.695168
24.067048 120.695858
24.066847 120.696112
24.066314 120.695943
24.065741 120.695828
24.064953 120.695816
24.063488 120.696147
24.063193 120.697151
24.062706 120.697742
24.062496 120.697605
24.062440 120.696744
24.062493 120.696226
24.062302 120.695620
24.062057 120.695087
24.062105 120.694040
24.061827 120.692703
24.061725 120.692423
24.061478 120.692070
24.061477 120.691359
24.061205 120.691182
24.060661 120.691184
24.058246 120.692078
24.056617 120.692465
24.055475 120.692647
24.055285 120.693949
24.054391 120.692505
24.054271 120.692414
24.054147 120.692252
24.053868 120.691585
24.053568 120.691023
24.053105 120.690699
24.053373 120.689485
24.053318 120.688774
24.052776 120.687807
24.052443 120.687223
24.052005 120.686786
24.051494 120.686370
24.050944 120.686055
24.050621 120.685969
24.049551 120.686013
24.048748 120.686021
24.047458 120.686675
24.047064 120.687369
24.046497 120.688116
24.046243 120.688525
24.045926 120.689236
24.045615 120.689589
24.045013 120.689875
24.044699 120.689996
24.044508 120.690357
24.044400 120.690617
24.044241 120.690901
24.043986 120.690999
24.043936 120.691065
24.043652 120.691196
24.043463 120.691463
24.043323 120.691556
24.043053 120.691562
24.042621 120.691395
24.042311 120.690943
24.041600 120.690018
24.041162 120.689870
24.040827 120.689611
24.040517 120.689105
24.039870 120.688222
24.039415 120.687859
24.038932 120.687775
24.038269 120.687939
24.038052 120.687888
24.037288 120.687369
24.036845 120.687305
24.036188 120.687281
24.035615 120.687582
24.035006 120.687752
24.034422 120.688066
24.034107 120.688476
24.033564 120.688952
24.033564 120.688952
24.033242 120.689265
24.032692 120.689487
24.029608 120.693081
24.029618 120.692314
24.029548 120.691747
24.029548 120.691747
24.029527 120.691699
24.029418 120.691465
24.028487 120.690830
24.027576 120.690585
24.027016 120.690496
24.026334 120.690328
24.025760 120.689952
24.024960 120.689668
24.024841 120.689916
24.024466 120.689881
24.024013 120.689791
24.023753 120.689658
24.023741 120.689502
24.023054 120.688948
24.022611 120.688780
24.022338 120.688703
24.021565 120.688477
24.021130 120.688471
24.020549 120.688482
24.019935 120.688409
24.019559 120.688550
24.019223 120.688740
24.018898 120.688945
24.018569 120.689332
24.018244 120.690260
24.017991 120.690345
24.017790 120.690144
24.017801 120.689897
24.017238 120.689547
24.016318 120.689133
24.015918 120.688924
24.015403 120.688631
24.014895 120.688512
24.014105 120.688661
24.013658 120.688837
24.013222 120.688711
24.012574 120.688548
24.012093 120.688478
24.003191 120.68658
24.003543 120.686615
24.003762 120.686728
24.004106 120.687173
24.004333 120.687485
24.003191 120.68658
24.003166 120.686626
24.00285 120.686539
24.002579 120.686367
24.002399 120.685809
24.002143 120.685279
24.00205 120.684847
24.001894 120.683846
24.001875 120.683265
24.001748 120.68307
24.000893 120.682487
24.000134 120.682147
23.999263 120.681955
23.997971 120.681744
23.997262 120.681543
23.996704 120.681363
23.996365 120.681406
23.995995 120.681563
23.995682 120.681736
23.994941 120.681673
23.994535 120.681674
23.993867 120.681689
23.993535 120.681712
23.993249 120.681777
23.992781 120.681714
23.99228 120.681702
23.991573 120.681668
23.990948 120.681715
23.990648 120.681768
23.990449 120.681645
23.990142 120.681408
23.989354 120.681319
23.988933 120.681086
23.988635 120.681126
23.988408 120.68159
23.988033 120.68219
23.987896 120.682535
23.987625 120.682625
23.986964 120.68272
23.986352 120.682951
23.985759 120.683035
23.985639 120.682892
23.985674 120.682177
23.985585 120.682027
23.985125 120.681979
23.984707 120.681915
23.984253 120.681839
23.98344 120.681724
23.982339 120.681834
23.98166 120.681953
23.980166 120.682489
23.979743 120.682909
23.978835 120.683633
23.97839 120.683855
23.977799 120.684061
23.977257 120.683988
23.976426 120.683662
23.975602 120.683677
23.975053 120.684562
23.974934 120.684653
23.97364 120.684699
23.972555 120.684074
23.972126 120.683867
23.971396 120.68344
23.970829 120.683172
23.970244 120.683238
23.96934 120.682639
23.968743 120.682238
23.968442 120.681848
23.96828 120.68102
23.967798 120.680479
23.967516 120.680218
23.967224 120.679999
23.966311 120.679708
23.964913 120.678931
23.964156 120.678794
23.962542 120.678876
23.961927 120.679174
23.961277 120.679243
23.961015 120.679569
23.960603 120.680087
23.959696 120.680272
23.958797 120.681056
23.957795 120.682177
23.957601 120.683397
23.957362 120.683657
23.957087 120.683658
23.956797 120.684025
23.956362 120.684542
23.9559 120.684927
23.955544 120.685419
23.954613 120.686019
23.95385 120.686969
23.953411 120.687451
23.952067 120.688348
23.95063 120.688654
23.950277 120.68925
23.949908 120.690083
23.949756 120.690642
23.949744 120.691435
23.949734 120.692241
23.949685 120.692695
23.949388 120.693021
23.94856 120.693286
23.9477 120.69347
23.947342 120.693809
23.946794 120.694265
23.946352 120.694355
23.945558 120.694642
23.944893 120.695247
23.944206 120.695857
23.943612 120.696549
23.943382 120.696898
23.942999 120.697254
23.94247 120.696966
23.942224 120.696849
23.941698 120.696707
23.941172 120.696683
23.940732 120.697029
23.940301 120.697074
23.939799 120.69679
23.938664 120.696649
23.937282 120.696649
23.937079 120.696806
23.936173 120.697575
23.93543 120.698385
23.934387 120.699632
23.933654 120.69991
23.93232 120.699962
23.931551 120.70011
23.930108 120.701049
23.92985 120.701072
23.929505 120.701009
23.928485 120.700231
23.927947 120.699751
23.927585 120.699417
23.926437 120.698874
23.9245 120.698463
23.924007 120.698312
23.923283 120.698274
23.922633 120.698364
23.921794 120.698867
23.921198 120.698927
23.920413 120.699371
23.920006 120.698841
23.919707 120.698164
23.919188 120.697482
23.91872 120.697119
23.917358 120.696592
23.915601 120.696024
23.91486 120.696026
23.914501 120.695933
23.913822 120.696169
23.913583 120.696351
23.91313 120.696446
23.912741 120.69619
23.911321 120.696152
23.910452 120.696361
23.908877 120.696571
23.907803 120.696705
23.905145 120.697381
23.903103 120.698022
23.901682 120.698337
23.900094 120.698926
23.898838 120.699569
23.896808 120.700717
23.895794 120.701519
23.894865 120.702284
23.894651 120.702414
23.892915 120.703421
23.891341 120.704532
23.890229 120.704882
23.889744 120.705098
23.889352 120.705593
23.888786 120.705795
23.888194 120.705651
23.887777 120.705808
23.887262 120.705783
23.886797 120.705524
23.88639 120.705577
23.884967 120.706228
23.882722 120.707618
23.881882 120.707885
23.880934 120.707799
23.880365 120.707447
23.880333 120.706525
23.87995 120.70567
23.879256 120.70519
23.878385 120.705193
X
23.880491 120.713501
23.880001 120.713398
23.879193 120.712429
23.878560 120.711963
23.878075 120.711752
23.877918 120.711376
23.877989 120.710805
23.878216 120.710233
23.878455 120.709986
23.878542 120.709322
23.878401 120.708682
23.878020 120.707844
23.877590 120.707234
23.877002 120.706768
23.876202 120.706507
23.875904 120.706125
23.875782 120.705307
23.875455 120.704217
23.874586 120.703012
23.873962 120.702512
23.872586 120.701880
23.872180 120.701855
23.871032 120.701517
23.870612 120.701221
23.870063 120.700989
23.868948 120.701235
23.868917 120.701213
23.868390 120.700903
23.867876 120.700138
23.867099 120.699841
23.866526 120.700024
23.865932 120.700000
23.865068 120.700118
23.864208 120.700484
23.863779 120.700433
23.863495 120.700236
23.863256 120.699650
23.863092 120.698502
23.862951 120.698253
23.862628 120.698227
23.862222 120.698436
23.861912 120.699085
23.861919 120.699037
23.861226 120.699402
23.860988 120.699844
23.860679 120.700131
23.860190 120.700404
23.859664 120.700626
23.859008 120.700706
23.858662 120.700746
23.858075 120.700656
23.857770 120.700407
23.857217 120.699135
23.856451 120.697578
23.856256 120.697208
23.855851 120.696567
23.854746 120.696183
23.854213 120.696233
23.853735 120.696467
23.853344 120.697092
23.853116 120.697196
23.852865 120.697041
23.852602 120.696418
23.852206 120.696005
23.851127 120.695918
23.849932 120.695467
23.849632 120.695532
23.849381 120.695676
23.848380 120.695938
23.847614 120.696031
23.845660 120.696149
23.844330 120.696168
23.843601 120.696131
23.842668 120.696042
23.842025 120.695992
23.841332 120.696162
23.841021 120.696409
23.840330 120.697281
23.839961 120.697919
23.838561 120.700009
23.838108 120.700647
23.837942 120.700855
23.837486 120.700973
23.837130 120.701265
23.836968 120.701380
23.836735 120.701546
23.836109 120.702252
23.835452 120.702270
23.834991 120.701829
23.834367 120.701359
23.833798 120.701331
23.833095 120.701774
23.832591 120.701815
23.829843 120.701222
23.829222 120.701225
23.828744 120.701395
23.827896 120.701931
23.827167 120.702191
23.825926 120.702415
23.823730 120.702252
23.821185 120.702193
23.820826 120.701894
23.820394 120.701622
23.819678 120.701377
23.819174 120.700963
23.818971 120.700989
23.818840 120.700951
23.818338 120.700836
23.817645 120.700474
23.817249 120.700461
23.816796 120.700540
23.816139 120.700385
23.815741 120.700098
23.815374 120.699726
23.815230 120.699661
23.815112 120.699662
23.814909 120.699649
23.813987 120.699145
23.813653 120.698951
23.812887 120.698498
23.812241 120.698278
23.810904 120.698152
23.810498 120.698425
23.809828 120.698387
23.809315 120.698389
23.809123 120.698428
23.809029 120.698454
23.808837 120.698534
23.807846 120.698510
23.807548 120.698420
23.807272 120.698433
23.807022 120.698538
23.806736 120.698967
23.806605 120.699188
23.806486 120.699409
23.806379 120.699928
23.806285 120.700239
23.806250 120.700941
23.806181 120.701261
23.808639 120.701136
23.807542 120.701393
23.807195 120.701834
23.806635 120.702692
23.805993 120.703357
23.805467 120.703644
23.804751 120.704372
23.804312 120.704815
23.803701 120.705282
23.803497 120.70527
23.803082 120.705272
23.802149 120.705014
23.801671 120.705106
23.801242 120.705289
23.800524 120.705153
23.800133 120.704778
X
23.79957 120.704434
23.798847 120.704077
23.798228 120.703966
23.797361 120.703953
23.796698 120.704284
23.796295 120.704818
23.796065 120.704755
23.795401 120.704334
23.795081 120.703958
23.795008 120.703409
23.794822 120.702759
23.794281 120.701928
23.794042 120.701215
23.793779 120.700723
23.793275 120.700127
23.792403 120.699999
23.791257 120.700301
23.789813 120.700888
23.788823 120.70128
23.788176 120.701693
23.787701 120.702346
23.787367 120.702412
23.786518 120.702251
23.785671 120.702196
23.784845 120.702327
23.78401 120.702277
23.783436 120.702084
23.781966 120.701801
23.781334 120.701803
23.780569 120.702104
23.779866 120.702546
23.779101 120.702899
23.778564 120.702861
23.778229 120.702628
23.777953 120.702355
23.777078 120.701345
23.776124 120.700543
23.775201 120.699857
23.774456 120.699552
23.77372 120.699444
23.772219 120.699777
23.770735 120.700542
23.769731 120.700699
23.769291 120.700818
23.76866 120.701227
23.768251 120.701366
23.767739 120.70138
23.766226 120.701389
23.76555 120.701602
23.76495 120.702108
23.764408 120.702168
23.763952 120.701753
23.763334 120.700973
23.762911 120.700442
23.761151 120.698526
23.759499 120.696847
23.758523 120.696085
23.7576 120.695205
23.757021 120.69485
23.756628 120.694706
23.75619 120.694707
23.755642 120.694929
23.754647 120.695182
23.753672 120.694978
23.7516 120.6952
23.75099 120.695279
23.749306 120.695218
23.748637 120.694974
23.748075 120.694664
23.747704 120.694431
23.747403 120.694145
23.747093 120.693393
23.746272 120.692906
23.745236 120.691983
23.74478 120.691644
23.743722 120.690911
23.741742 120.689621
23.740929 120.689534
23.74009 120.68989
23.739305 120.690392
23.738628 120.690658
23.737816 120.69066
23.737064 120.690576
23.736134 120.690552
23.734687 120.690477
23.733934 120.690207
23.733065 120.690025
23.732442 120.690027
23.73144 120.690088
23.730708 120.690119
23.730275 120.690238
23.729788 120.690533
23.728949 120.690976
23.72857 120.691095
23.728897 120.690971
23.727029 120.691623
23.724972 120.692216
23.723916 120.692748
23.722942 120.693368
23.72205 120.694047
23.721157 120.694697
23.7204 120.695257
23.719839 120.695503
X
23.972149 120.70552
23.974396 120.705073
23.976021 120.704833
23.977158 120.704507
23.978783 120.704414
23.979908 120.704869
23.981372 120.705042
23.982888 120.704921
23.984432 120.7048
23.98622 120.704972
23.989268 120.705128
23.99046 120.705125
23.992437 120.705091
23.994577 120.705057
23.996907 120.705081
23.998045 120.705137
24.000023 120.705457
24.000863 120.705779
24.0023 120.706454
24.00333 120.706629
24.004468 120.706803
24.005985 120.706859
24.008356 120.707045
24.008453 120.707063
24.009629 120.707278
24.010767 120.707541
24.011703 120.707878
24.012814 120.708524
24.01398 120.709111
24.014143 120.709145
24.015254 120.709374
24.016446 120.709519
